yes!
2 1
3 4 5 20000 20000
yes!
3 1
8 6 10 10000 30000
yes!
4 2
12 16 20 5000 35000
yes!
5 2
21 20 29 3448 38448
yes!
6 2
32 24 40 2500 40948
yes!
6 3
27 36 45 2222 43170
yes!
7 3
40 42 58 1724 44894
yes!
8 4
48 64 80 1250 46144
yes!
9 3
72 54 90 1111 47255
yes!
10 4
84 80 116 862 48117
yes!
10 5
75 100 125 800 48917
yes!
12 4
128 96 160 625 49542
yes!
12 5
119 120 169 591 50133
yes!
12 6
108 144 180 555 50688
yes!
14 6
160 168 232 431 51119
yes!
14 7
147 196 245 408 51527
yes!
15 5
200 150 250 400 51927
yes!
15 6
189 180 261 383 52310
yes!
16 8
192 256 320 312 52622
yes!
17 7
240 238 338 295 52917
yes!
18 6
288 216 360 277 53194
yes!
18 9
243 324 405 246 53440
yes!
20 8
336 320 464 215 53655
yes!
20 10
300 400 500 200 53855
yes!
21 7
392 294 490 204 54059
yes!
21 9
360 378 522 191 54250
yes!
22 11
363 484 605 165 54415
yes!
24 8
512 384 640 156 54571
yes!
24 10
476 480 676 147 54718
yes!
24 12
432 576 720 138 54856
yes!
25 10
525 500 725 137 54993
yes!
26 13
507 676 845 118 55111
yes!
27 9
648 486 810 123 55234
yes!
28 12
640 672 928 107 55341
yes!
28 14
588 784 980 102 55443
yes!
29 12
697 696 985 101 55544
yes!
30 10
800 600 1000 100 55644
yes!
30 12
756 720 1044 95 55739
yes!
30 15
675 900 1125 88 55827
yes!
32 16
768 1024 1280 78 55905
yes!
33 11
968 726 1210 82 55987
yes!
34 14
960 952 1352 73 56060
yes!
34 17
867 1156 1445 69 56129
yes!
35 14
1029 980 1421 70 56199
yes!
35 15
1000 1050 1450 68 56267
yes!
36 12
1152 864 1440 69 56336
yes!
36 15
1071 1080 1521 65 56401
yes!
36 18
972 1296 1620 61 56462
yes!
38 19
1083 1444 1805 55 56517
yes!
39 13
1352 1014 1690 59 56576
yes!
40 16
1344 1280 1856 53 56629
yes!
40 20
1200 1600 2000 50 56679
yes!
41 17
1392 1394 1970 50 56729
yes!
42 14
1568 1176 1960 51 56780
yes!
42 18
1440 1512 2088 47 56827
yes!
42 21
1323 1764 2205 45 56872
yes!
44 22
1452 1936 2420 41 56913
yes!
45 15
1800 1350 2250 44 56957
yes!
45 18
1701 1620 2349 42 56999
yes!
46 23
1587 2116 2645 37 57036
yes!
48 16
2048 1536 2560 39 57075
yes!
48 20
1904 1920 2704 36 57111
yes!
48 24
1728 2304 2880 34 57145
yes!
49 21
1960 2058 2842 35 57180
yes!
50 20
2100 2000 2900 34 57214
yes!
50 25
1875 2500 3125 32 57246
yes!
51 17
2312 1734 2890 34 57280
yes!
51 21
2160 2142 3042 32 57312
yes!
52 26
2028 2704 3380 29 57341
yes!
54 18
2592 1944 3240 30 57371
yes!
54 27
2187 2916 3645 27 57398
yes!
55 22
2541 2420 3509 28 57426
yes!
56 24
2560 2688 3712 26 57452
yes!
56 28
2352 3136 3920 25 57477
yes!
57 19
2888 2166 3610 27 57504
yes!
58 24
2788 2784 3940 25 57529
yes!
58 29
2523 3364 4205 23 57552
yes!
60 20
3200 2400 4000 25 57577
yes!
60 24
3024 2880 4176 23 57600
yes!
60 25
2975 3000 4225 23 57623
yes!
60 30
2700 3600 4500 22 57645
yes!
62 31
2883 3844 4805 20 57665
yes!
63 21
3528 2646 4410 22 57687
yes!
63 27
3240 3402 4698 21 57708
yes!
64 32
3072 4096 5120 19 57727
yes!
65 26
3549 3380 4901 20 57747
yes!
66 22
3872 2904 4840 20 57767
yes!
66 33
3267 4356 5445 18 57785
yes!
68 28
3840 3808 5408 18 57803
yes!
68 34
3468 4624 5780 17 57820
yes!
69 23
4232 3174 5290 18 57838
yes!
70 28
4116 3920 5684 17 57855
yes!
70 29
4059 4060 5741 17 57872
yes!
70 30
4000 4200 5800 17 57889
yes!
70 35
3675 4900 6125 16 57905
yes!
72 24
4608 3456 5760 17 57922
yes!
72 30
4284 4320 6084 16 57938
yes!
72 36
3888 5184 6480 15 57953
yes!
74 37
4107 5476 6845 14 57967
yes!
75 25
5000 3750 6250 16 57983
yes!
75 30
4725 4500 6525 15 57998
yes!
76 38
4332 5776 7220 13 58011
yes!
77 33
4840 5082 7018 14 58025
yes!
78 26
5408 4056 6760 14 58039
yes!
78 39
4563 6084 7605 13 58052
yes!
80 32
5376 5120 7424 13 58065
yes!
80 40
4800 6400 8000 12 58077
yes!
81 27
5832 4374 7290 13 58090
yes!
82 34
5568 5576 7880 12 58102
yes!
82 41
5043 6724 8405 11 58113
yes!
84 28
6272 4704 7840 12 58125
yes!
84 35
5831 5880 8281 12 58137
yes!
84 36
5760 6048 8352 11 58148
yes!
84 42
5292 7056 8820 11 58159
yes!
85 34
6069 5780 8381 11 58170
yes!
85 35
6000 5950 8450 11 58181
yes!
86 43
5547 7396 9245 10 58191
yes!
87 29
6728 5046 8410 11 58202
yes!
87 36
6273 6264 8865 11 58213
yes!
88 44
5808 7744 9680 10 58223
yes!
90 30
7200 5400 9000 11 58234
yes!
90 36
6804 6480 9396 10 58244
yes!
90 45
6075 8100 10125 9 58253
yes!
91 39
6760 7098 9802 10 58263
yes!
92 46
6348 8464 10580 9 58272
yes!
93 31
7688 5766 9610 10 58282
yes!
94 47
6627 8836 11045 9 58291
yes!
95 38
7581 7220 10469 9 58300
yes!
96 32
8192 6144 10240 9 58309
yes!
96 40
7616 7680 10816 9 58318
yes!
96 48
6912 9216 11520 8 58326
yes!
98 42
7840 8232 11368 8 58334
yes!
98 49
7203 9604 12005 8 58342
yes!
99 33
8712 6534 10890 9 58351
yes!
99 41
8120 8118 11482 8 58359
yes!
100 40
8400 8000 11600 8 58367
yes!
100 50
7500 10000 12500 8 58375
yes!
102 34
9248 6936 11560 8 58383
yes!
102 42
8640 8568 12168 8 58391
yes!
102 51
7803 10404 13005 7 58398
yes!
104 52
8112 10816 13520 7 58405
yes!
105 35
9800 7350 12250 8 58413
yes!
105 42
9261 8820 12789 7 58420
yes!
105 45
9000 9450 13050 7 58427
yes!
106 53
8427 11236 14045 7 58434
yes!
108 36
10368 7776 12960 7 58441
yes!
108 45
9639 9720 13689 7 58448
yes!
108 54
8748 11664 14580 6 58454
yes!
110 44
10164 9680 14036 7 58461
yes!
110 55
9075 12100 15125 6 58467
yes!
111 37
10952 8214 13690 7 58474
yes!
112 48
10240 10752 14848 6 58480
yes!
112 56
9408 12544 15680 6 58486
yes!
114 38
11552 8664 14440 6 58492
yes!
114 57
9747 12996 16245 6 58498
yes!
115 46
11109 10580 15341 6 58504
yes!
116 48
11152 11136 15760 6 58510
yes!
116 58
10092 13456 16820 5 58515
yes!
117 39
12168 9126 15210 6 58521
yes!
118 59
10443 13924 17405 5 58526
yes!
119 49
11760 11662 16562 6 58532
yes!
119 51
11560 12138 16762 5 58537
yes!
120 40
12800 9600 16000 6 58543
yes!
120 48
12096 11520 16704 5 58548
yes!
120 50
11900 12000 16900 5 58553
yes!
120 60
10800 14400 18000 5 58558
yes!
122 61
11163 14884 18605 5 58563
yes!
123 41
13448 10086 16810 5 58568
yes!
123 51
12528 12546 17730 5 58573
yes!
124 62
11532 15376 19220 5 58578
yes!
125 50
13125 12500 18125 5 58583
yes!
126 42
14112 10584 17640 5 58588
yes!
126 54
12960 13608 18792 5 58593
yes!
126 63
11907 15876 19845 5 58598
yes!
128 64
12288 16384 20480 4 58602
yes!
129 43
14792 11094 18490 5 58607
yes!
130 52
14196 13520 19604 5 58612
yes!
130 65
12675 16900 21125 4 58616
yes!
132 44
15488 11616 19360 5 58621
yes!
132 55
14399 14520 20449 4 58625
yes!
132 66
13068 17424 21780 4 58629
yes!
133 57
14440 15162 20938 4 58633
yes!
134 67
13467 17956 22445 4 58637
yes!
135 45
16200 12150 20250 4 58641
yes!
135 54
15309 14580 21141 4 58645
yes!
136 56
15360 15232 21632 4 58649
yes!
136 68
13872 18496 23120 4 58653
yes!
138 46
16928 12696 21160 4 58657
yes!
138 69
14283 19044 23805 4 58661
yes!
140 56
16464 15680 22736 4 58665
yes!
140 58
16236 16240 22964 4 58669
yes!
140 60
16000 16800 23200 4 58673
yes!
140 70
14700 19600 24500 4 58677
yes!
141 47
17672 13254 22090 4 58681
yes!
142 71
15123 20164 25205 3 58684
yes!
144 48
18432 13824 23040 4 58688
yes!
144 60
17136 17280 24336 4 58692
yes!
144 72
15552 20736 25920 3 58695
yes!
145 58
17661 16820 24389 4 58699
yes!
145 60
17425 17400 24625 4 58703
yes!
146 73
15987 21316 26645 3 58706
yes!
147 49
19208 14406 24010 4 58710
yes!
147 63
17640 18522 25578 3 58713
yes!
148 74
16428 21904 27380 3 58716
yes!
150 50
20000 15000 25000 4 58720
yes!
150 60
18900 18000 26100 3 58723
yes!
150 75
16875 22500 28125 3 58726
yes!
152 76
17328 23104 28880 3 58729
yes!
153 51
20808 15606 26010 3 58732
yes!
153 63
19440 19278 27378 3 58735
yes!
154 66
19360 20328 28072 3 58738
yes!
154 77
17787 23716 29645 3 58741
yes!
155 62
20181 19220 27869 3 58744
yes!
156 52
21632 16224 27040 3 58747
yes!
156 65
20111 20280 28561 3 58750
yes!
156 78
18252 24336 30420 3 58753
yes!
158 79
18723 24964 31205 3 58756
yes!
159 53
22472 16854 28090 3 58759
yes!
160 64
21504 20480 29696 3 58762
yes!
160 80
19200 25600 32000 3 58765
yes!
161 69
21160 22218 30682 3 58768
yes!
162 54
23328 17496 29160 3 58771
yes!
162 81
19683 26244 32805 3 58774
yes!
164 68
22272 22304 31520 3 58777
yes!
164 82
20172 26896 33620 2 58779
yes!
165 55
24200 18150 30250 3 58782
yes!
165 66
22869 21780 31581 3 58785
yes!
166 83
20667 27556 34445 2 58787
yes!
168 56
25088 18816 31360 3 58790
yes!
168 70
23324 23520 33124 3 58793
yes!
168 72
23040 24192 33408 2 58795
yes!
168 84
21168 28224 35280 2 58797
yes!
169 70
23661 23660 33461 2 58799
yes!
170 68
24276 23120 33524 2 58801
yes!
170 70
24000 23800 33800 2 58803
yes!
170 85
21675 28900 36125 2 58805
yes!
171 57
25992 19494 32490 3 58808
yes!
172 86
22188 29584 36980 2 58810
yes!
174 58
26912 20184 33640 2 58812
yes!
174 72
25092 25056 35460 2 58814
yes!
174 87
22707 30276 37845 2 58816
yes!
175 70
25725 24500 35525 2 58818
yes!
175 75
25000 26250 36250 2 58820
yes!
176 88
23232 30976 38720 2 58822
yes!
177 59
27848 20886 34810 2 58824
yes!
178 89
23763 31684 39605 2 58826
yes!
180 60
28800 21600 36000 2 58828
yes!
180 72
27216 25920 37584 2 58830
yes!
180 75
26775 27000 38025 2 58832
yes!
180 90
24300 32400 40500 2 58834
yes!
182 78
27040 28392 39208 2 58836
yes!
182 91
24843 33124 41405 2 58838
yes!
183 61
29768 22326 37210 2 58840
yes!
184 92
25392 33856 42320 2 58842
yes!
185 74
28749 27380 39701 2 58844
yes!
186 62
30752 23064 38440 2 58846
yes!
186 93
25947 34596 43245 2 58848
yes!
187 77
29040 28798 40898 2 58850
yes!
188 94
26508 35344 44180 2 58852
yes!
189 63
31752 23814 39690 2 58854
yes!
189 81
29160 30618 42282 2 58856
yes!
190 76
30324 28880 41876 2 58858
yes!
190 95
27075 36100 45125 2 58860
yes!
192 64
32768 24576 40960 2 58862
yes!
192 80
30464 30720 43264 2 58864
yes!
192 96
27648 36864 46080 2 58866
yes!
194 97
28227 37636 47045 2 58868
yes!
195 65
33800 25350 42250 2 58870
yes!
195 78
31941 30420 44109 2 58872
yes!
196 84
31360 32928 45472 2 58874
yes!
196 98
28812 38416 48020 2 58876
yes!
198 66
34848 26136 43560 2 58878
yes!
198 82
32480 32472 45928 2 58880
yes!
198 99
29403 39204 49005 2 58882
yes!
200 80
33600 32000 46400 2 58884
yes!
200 100
30000 40000 50000 2 58886
yes!
201 67
35912 26934 44890 2 58888
yes!
202 101
30603 40804 51005 1 58889
yes!
203 84
34153 34104 48265 2 58891
yes!
203 87
33640 35322 48778 2 58893
yes!
204 68
36992 27744 46240 2 58895
yes!
204 84
34560 34272 48672 2 58897
yes!
204 85
34391 34680 48841 2 58899
yes!
204 102
31212 41616 52020 1 58900
yes!
205 82
35301 33620 48749 2 58902
yes!
205 85
34800 34850 49250 2 58904
yes!
206 103
31827 42436 53045 1 58905
yes!
207 69
38088 28566 47610 2 58907
yes!
208 104
32448 43264 54080 1 58908
yes!
210 70
39200 29400 49000 2 58910
yes!
210 84
37044 35280 51156 1 58911
yes!
210 87
36531 36540 51669 1 58912
yes!
210 90
36000 37800 52200 1 58913
yes!
210 105
33075 44100 55125 1 58914
yes!
212 106
33708 44944 56180 1 58915
yes!
213 71
40328 30246 50410 1 58916
yes!
214 107
34347 45796 57245 1 58917
yes!
215 86
38829 36980 53621 1 58918
yes!
216 72
41472 31104 51840 1 58919
yes!
216 90
38556 38880 54756 1 58920
yes!
216 108
34992 46656 58320 1 58921
yes!
217 93
38440 40362 55738 1 58922
yes!
218 109
35643 47524 59405 1 58923
yes!
219 73
42632 31974 53290 1 58924
yes!
220 88
40656 38720 56144 1 58925
yes!
220 110
36300 48400 60500 1 58926
yes!
221 91
40560 40222 57122 1 58927
yes!
222 74
43808 32856 54760 1 58928
yes!
222 111
36963 49284 61605 1 58929
yes!
224 96
40960 43008 59392 1 58930
yes!
224 112
37632 50176 62720 1 58931
yes!
225 75
45000 33750 56250 1 58932
yes!
225 90
42525 40500 58725 1 58933
yes!
226 113
38307 51076 63845 1 58934
yes!
228 76
46208 34656 57760 1 58935
yes!
228 95
42959 43320 61009 1 58936
yes!
228 114
38988 51984 64980 1 58937
yes!
230 92
44436 42320 61364 1 58938
yes!
230 115
39675 52900 66125 1 58939
yes!
231 77
47432 35574 59290 1 58940
yes!
231 99
43560 45738 63162 1 58941
yes!
232 96
44608 44544 63040 1 58942
yes!
232 116
40368 53824 67280 1 58943
yes!
234 78
48672 36504 60840 1 58944
yes!
234 117
41067 54756 68445 1 58945
yes!
235 94
46389 44180 64061 1 58946
yes!
236 118
41772 55696 69620 1 58947
yes!
237 79
49928 37446 62410 1 58948
yes!
238 98
47040 46648 66248 1 58949
yes!
238 102
46240 48552 67048 1 58950
yes!
238 119
42483 56644 70805 1 58951
yes!
239 99
47320 47322 66922 1 58952
yes!
240 80
51200 38400 64000 1 58953
yes!
240 96
48384 46080 66816 1 58954
yes!
240 100
47600 48000 67600 1 58955
yes!
240 120
43200 57600 72000 1 58956
yes!
242 121
43923 58564 73205 1 58957
yes!
243 81
52488 39366 65610 1 58958
yes!
244 122
44652 59536 74420 1 58959
yes!
245 98
50421 48020 69629 1 58960
yes!
245 105
49000 51450 71050 1 58961
yes!
246 82
53792 40344 67240 1 58962
yes!
246 102
50112 50184 70920 1 58963
yes!
246 123
45387 60516 75645 1 58964
yes!
248 124
46128 61504 76880 1 58965
yes!
249 83
55112 41334 68890 1 58966
yes!
250 100
52500 50000 72500 1 58967
yes!
250 125
46875 62500 78125 1 58968
yes!
252 84
56448 42336 70560 1 58969
yes!
252 105
52479 52920 74529 1 58970
yes!
252 108
51840 54432 75168 1 58971
yes!
252 126
47628 63504 79380 1 58972
yes!
254 127
48387 64516 80645 1 58973
yes!
255 85
57800 43350 72250 1 58974
yes!
255 102
54621 52020 75429 1 58975
yes!
255 105
54000 53550 76050 1 58976
yes!
256 128
49152 65536 81920 1 58977
yes!
258 86
59168 44376 73960 1 58978
yes!
258 129
49923 66564 83205 1 58979
yes!
259 111
54760 57498 79402 1 58980
yes!
260 104
56784 54080 78416 1 58981
yes!
260 130
50700 67600 84500 1 58982
yes!
261 87
60552 45414 75690 1 58983
yes!
261 108
56457 56376 79785 1 58984
yes!
262 131
51483 68644 85805 1 58985
yes!
264 88
61952 46464 77440 1 58986
yes!
264 110
57596 58080 81796 1 58987
yes!
264 132
52272 69696 87120 1 58988
yes!
265 106
58989 56180 81461 1 58989
yes!
266 114
57760 60648 83752 1 58990
yes!
266 133
53067 70756 88445 1 58991
yes!
267 89
63368 47526 79210 1 58992
yes!
268 134
53868 71824 89780 1 58993
yes!
270 90
64800 48600 81000 1 58994
yes!
270 108
61236 58320 84564 1 58995
yes!
270 135
54675 72900 91125 1 58996
yes!
272 112
61440 60928 86528 1 58997
yes!
272 136
55488 73984 92480 1 58998
yes!
273 91
66248 49686 82810 1 58999
yes!
273 117
60840 63882 88218 1 59000
yes!
274 137
56307 75076 93845 1 59001
yes!
275 110
63525 60500 87725 1 59002
yes!
276 92
67712 50784 84640 1 59003
yes!
276 115
62951 63480 89401 1 59004
yes!
276 138
57132 76176 95220 1 59005
yes!
278 139
57963 77284 96605 1 59006
yes!
279 93
69192 51894 86490 1 59007
yes!
280 112
65856 62720 90944 1 59008
yes!
280 116
64944 64960 91856 1 59009
yes!
280 120
64000 67200 92800 1 59010
yes!
280 140
58800 78400 98000 1 59011
yes!
282 94
70688 53016 88360 1 59012
yes!
282 141
59643 79524 99405 1 59013
yes!
284 142
60492 80656 100820 0 59013
yes!
285 95
72200 54150 90250 1 59014
yes!
285 114
68229 64980 94221 1 59015
yes!
286 143
61347 81796 102245 0 59015
yes!
287 119
68208 68306 96530 1 59016
yes!
287 123
67240 70602 97498 1 59017
yes!
288 96
73728 55296 92160 1 59018
yes!
288 120
68544 69120 97344 1 59019
yes!
288 144
62208 82944 103680 0 59019
yes!
289 119
69360 68782 97682 1 59020
yes!
290 116
70644 67280 97556 1 59021
yes!
290 120
69700 69600 98500 1 59022
yes!
290 145
63075 84100 105125 0 59022
yes!
291 97
75272 56454 94090 1 59023
yes!
292 146
63948 85264 106580 0 59023
yes!
294 98
76832 57624 96040 1 59024
yes!
294 126
70560 74088 102312 0 59024
yes!
294 147
64827 86436 108045 0 59024
yes!
295 118
73101 69620 100949 0 59024
yes!
296 148
65712 87616 109520 0 59024
yes!
297 99
78408 58806 98010 1 59025
yes!
297 123
73080 73062 103338 0 59025
yes!
298 149
66603 88804 111005 0 59025
yes!
300 100
80000 60000 100000 1 59026
yes!
300 120
75600 72000 104400 0 59026
yes!
300 125
74375 75000 105625 0 59026
yes!
300 150
67500 90000 112500 0 59026
yes!
301 129
73960 77658 107242 0 59026
yes!
302 151
68403 91204 114005 0 59026
yes!
303 101
81608 61206 102010 0 59026
yes!
304 152
69312 92416 115520 0 59026
yes!
305 122
78141 74420 107909 0 59026
yes!
306 102
83232 62424 104040 0 59026
yes!
306 126
77760 77112 109512 0 59026
yes!
306 153
70227 93636 117045 0 59026
yes!
308 132
77440 81312 112288 0 59026
yes!
308 154
71148 94864 118580 0 59026
yes!
309 103
84872 63654 106090 0 59026
yes!
310 124
80724 76880 111476 0 59026
yes!
310 155
72075 96100 120125 0 59026
yes!
312 104
86528 64896 108160 0 59026
yes!
312 130
80444 81120 114244 0 59026
yes!
312 156
73008 97344 121680 0 59026
yes!
314 157
73947 98596 123245 0 59026
yes!
315 105
88200 66150 110250 0 59026
yes!
315 126
83349 79380 115101 0 59026
yes!
315 135
81000 85050 117450 0 59026
yes!
316 158
74892 99856 124820 0 59026
yes!
318 106
89888 67416 112360 0 59026
yes!
318 159
75843 101124 126405 0 59026
yes!
319 132
84337 84216 119185 0 59026
yes!
320 128
86016 81920 118784 0 59026
yes!
320 160
76800 102400 128000 0 59026
yes!
321 107
91592 68694 114490 0 59026
yes!
322 138
84640 88872 122728 0 59026
yes!
322 161
77763 103684 129605 0 59026
yes!
323 133
86640 85918 122018 0 59026
yes!
324 108
93312 69984 116640 0 59026
yes!
324 135
86751 87480 123201 0 59026
yes!
324 162
78732 104976 131220 0 59026
yes!
325 130
88725 84500 122525 0 59026
yes!
326 163
79707 106276 132845 0 59026
yes!
327 109
95048 71286 118810 0 59026
yes!
328 136
89088 89216 126080 0 59026
yes!
328 164
80688 107584 134480 0 59026
yes!
329 141
88360 92778 128122 0 59026
yes!
330 110
96800 72600 121000 0 59026
yes!
330 132
91476 87120 126324 0 59026
yes!
330 165
81675 108900 136125 0 59026
yes!
332 166
82668 110224 137780 0 59026
yes!
333 111
98568 73926 123210 0 59026
yes!
334 167
83667 111556 139445 0 59026
yes!
335 134
94269 89780 130181 0 59026
yes!
336 112
100352 75264 125440 0 59026
yes!
336 140
93296 94080 132496 0 59026
yes!
336 144
92160 96768 133632 0 59026
yes!
336 168
84672 112896 141120 0 59026
yes!
338 140
94644 94640 133844 0 59026
yes!
338 169
85683 114244 142805 0 59026
yes!
339 113
102152 76614 127690 0 59026
yes!
340 136
97104 92480 134096 0 59026
yes!
340 140
96000 95200 135200 0 59026
yes!
340 170
86700 115600 144500 0 59026
yes!
342 114
103968 77976 129960 0 59026
yes!
342 171
87723 116964 146205 0 59026
yes!
343 147
96040 100842 139258 0 59026
yes!
344 172
88752 118336 147920 0 59026
yes!
345 115
105800 79350 132250 0 59026
yes!
345 138
99981 95220 138069 0 59026
yes!
346 173
89787 119716 149645 0 59026
yes!
348 116
107648 80736 134560 0 59026
yes!
348 144
100368 100224 141840 0 59026
yes!
348 145
100079 100920 142129 0 59026
yes!
348 174
90828 121104 151380 0 59026
yes!
350 140
102900 98000 142100 0 59026
yes!
350 145
101475 101500 143525 0 59026
yes!
350 150
100000 105000 145000 0 59026
yes!
350 175
91875 122500 153125 0 59026
yes!
351 117
109512 82134 136890 0 59026
yes!
352 176
92928 123904 154880 0 59026
yes!
354 118
111392 83544 139240 0 59026
yes!
354 177
93987 125316 156645 0 59026
yes!
355 142
105861 100820 146189 0 59026
yes!
356 178
95052 126736 158420 0 59026
yes!
357 119
113288 84966 141610 0 59026
yes!
357 147
105840 104958 149058 0 59026
yes!
357 153
104040 109242 150858 0 59026
yes!
358 179
96123 128164 160205 0 59026
yes!
360 120
115200 86400 144000 0 59026
yes!
360 144
108864 103680 150336 0 59026
yes!
360 150
107100 108000 152100 0 59026
yes!
360 180
97200 129600 162000 0 59026
yes!
362 181
98283 131044 163805 0 59026
yes!
363 121
117128 87846 146410 0 59026
yes!
364 156
108160 113568 156832 0 59026
yes!
364 182
99372 132496 165620 0 59026
yes!
365 146
111909 106580 154541 0 59026
yes!
366 122
119072 89304 148840 0 59026
yes!
366 183
100467 133956 167445 0 59026
yes!
368 184
101568 135424 169280 0 59026
yes!
369 123
121032 90774 151290 0 59026
yes!
369 153
112752 112914 159570 0 59026
yes!
370 148
114996 109520 158804 0 59026
yes!
370 185
102675 136900 171125 0 59026
yes!
371 159
112360 117978 162922 0 59026
yes!
372 124
123008 92256 153760 0 59026
yes!
372 155
114359 115320 162409 0 59026
yes!
372 186
103788 138384 172980 0 59026
yes!
374 154
116160 115192 163592 0 59026
yes!
374 187
104907 139876 174845 0 59026
yes!
375 125
125000 93750 156250 0 59026
yes!
375 150
118125 112500 163125 0 59026
yes!
376 188
106032 141376 176720 0 59026
yes!
377 156
117793 117624 166465 0 59026
yes!
378 126
127008 95256 158760 0 59026
yes!
378 162
116640 122472 169128 0 59026
yes!
378 189
107163 142884 178605 0 59026
yes!
380 152
121296 115520 167504 0 59026
yes!
380 190
108300 144400 180500 0 59026
yes!
381 127
129032 96774 161290 0 59026
yes!
382 191
109443 145924 182405 0 59026
yes!
384 128
131072 98304 163840 0 59026
yes!
384 160
121856 122880 173056 0 59026
yes!
384 192
110592 147456 184320 0 59026
yes!
385 154
124509 118580 171941 0 59026
yes!
385 165
121000 127050 175450 0 59026
yes!
386 193
111747 148996 186245 0 59026
yes!
387 129
133128 99846 166410 0 59026
yes!
388 194
112908 150544 188180 0 59026
yes!
390 130
135200 101400 169000 0 59026
yes!
390 156
127764 121680 176436 0 59026
yes!
390 195
114075 152100 190125 0 59026
yes!
391 161
126960 125902 178802 0 59026
yes!
392 168
125440 131712 181888 0 59026
yes!
392 196
115248 153664 192080 0 59026
yes!
393 131
137288 102966 171610 0 59026
yes!
394 197
116427 155236 194045 0 59026
yes!
395 158
131061 124820 180989 0 59026
yes!
396 132
139392 104544 174240 0 59026
yes!
396 164
129920 129888 183712 0 59026
yes!
396 165
129591 130680 184041 0 59026
yes!
396 198
117612 156816 196020 0 59026
yes!
398 199
118803 158404 198005 0 59026
yes!
399 133
141512 106134 176890 0 59026
yes!
399 171
129960 136458 188442 0 59026
yes!
400 160
134400 128000 185600 0 59026
yes!
400 200
120000 160000 200000 0 59026
yes!
402 134
143648 107736 179560 0 59026
yes!
402 201
121203 161604 202005 0 59026
yes!
404 202
122412 163216 204020 0 59026
yes!
405 135
145800 109350 182250 0 59026
yes!
405 162
137781 131220 190269 0 59026
yes!
406 168
136612 136416 193060 0 59026
yes!
406 174
134560 141288 195112 0 59026
yes!
406 203
123627 164836 206045 0 59026
yes!
408 136
147968 110976 184960 0 59026
yes!
408 168
138240 137088 194688 0 59026
yes!
408 169
137903 137904 195025 0 59026
yes!
408 170
137564 138720 195364 0 59026
yes!
408 204
124848 166464 208080 0 59026
yes!
410 164
141204 134480 194996 0 59026
yes!
410 170
139200 139400 197000 0 59026
yes!
410 205
126075 168100 210125 0 59026
yes!
411 137
150152 112614 187690 0 59026
yes!
412 206
127308 169744 212180 0 59026
yes!
413 177
139240 146202 201898 0 59026
yes!
414 138
152352 114264 190440 0 59026
yes!
414 207
128547 171396 214245 0 59026
yes!
415 166
144669 137780 199781 0 59026
yes!
416 208
129792 173056 216320 0 59026
yes!
417 139
154568 115926 193210 0 59026
yes!
418 209
131043 174724 218405 0 59026
yes!
420 140
156800 117600 196000 0 59026
yes!
420 168
148176 141120 204624 0 59026
yes!
420 174
146124 146160 206676 0 59026
yes!
420 175
145775 147000 207025 0 59026
yes!
420 180
144000 151200 208800 0 59026
yes!
420 210
132300 176400 220500 0 59026
yes!
422 211
133563 178084 222605 0 59026
yes!
423 141
159048 119286 198810 0 59026
yes!
424 212
134832 179776 224720 0 59026
yes!
425 170
151725 144500 209525 0 59026
yes!
425 175
150000 148750 211250 0 59026
yes!
426 142
161312 120984 201640 0 59026
yes!
426 213
136107 181476 226845 0 59026
yes!
427 183
148840 156282 215818 0 59026
yes!
428 214
137388 183184 228980 0 59026
yes!
429 143
163592 122694 204490 0 59026
yes!
430 172
155316 147920 214484 0 59026
yes!
430 215
138675 184900 231125 0 59026
yes!
432 144
165888 124416 207360 0 59026
yes!
432 180
154224 155520 219024 0 59026
yes!
432 216
139968 186624 233280 0 59026
yes!
434 186
153760 161448 222952 0 59026
yes!
434 217
141267 188356 235445 0 59026
yes!
435 145
168200 126150 210250 0 59026
yes!
435 174
158949 151380 219501 0 59026
yes!
435 180
156825 156600 221625 0 59026
yes!
436 218
142572 190096 237620 0 59026
yes!
438 146
170528 127896 213160 0 59026
yes!
438 219
143883 191844 239805 0 59026
yes!
440 176
162624 154880 224576 0 59026
yes!
440 220
145200 193600 242000 0 59026
yes!
441 147
172872 129654 216090 0 59026
yes!
441 189
158760 166698 230202 0 59026
yes!
442 182
162240 160888 228488 0 59026
yes!
442 221
146523 195364 244205 0 59026
yes!
444 148
175232 131424 219040 0 59026
yes!
444 185
162911 164280 231361 0 59026
yes!
444 222
147852 197136 246420 0 59026
yes!
445 178
166341 158420 229709 0 59026
yes!
446 223
149187 198916 248645 0 59026
yes!
447 149
177608 133206 222010 0 59026
yes!
448 192
163840 172032 237568 0 59026
yes!
448 224
150528 200704 250880 0 59026
yes!
450 150
180000 135000 225000 0 59026
yes!
450 180
170100 162000 234900 0 59026
yes!
450 225
151875 202500 253125 0 59026
yes!
451 187
168432 168674 238370 0 59026
yes!
452 226
153228 204304 255380 0 59026
yes!
453 151
182408 136806 228010 0 59026
yes!
454 227
154587 206116 257645 0 59026
yes!
455 182
173901 165620 240149 0 59026
yes!
455 195
169000 177450 245050 0 59026
yes!
456 152
184832 138624 231040 0 59026
yes!
456 190
171836 173280 244036 0 59026
yes!
456 228
155952 207936 259920 0 59026
yes!
458 229
157323 209764 262205 0 59026
yes!
459 153
187272 140454 234090 0 59026
yes!
459 189
174960 173502 246402 0 59026
yes!
460 184
177744 169280 245456 0 59026
yes!
460 230
158700 211600 264500 0 59026
yes!
462 154
189728 142296 237160 0 59026
yes!
462 198
174240 182952 252648 0 59026
yes!
462 231
160083 213444 266805 0 59026
yes!
464 192
178432 178176 252160 0 59026
yes!
464 232
161472 215296 269120 0 59026
yes!
465 155
192200 144150 240250 0 59026
yes!
465 186
181629 172980 250821 0 59026
yes!
466 233
162867 217156 271445 0 59026
yes!
468 156
194688 146016 243360 0 59026
yes!
468 195
180999 182520 257049 0 59026
yes!
468 234
164268 219024 273780 0 59026
yes!
469 201
179560 188538 260362 0 59026
yes!
470 188
185556 176720 256244 0 59026
yes!
470 235
165675 220900 276125 0 59026
yes!
471 157
197192 147894 246490 0 59026
yes!
472 236
167088 222784 278480 0 59026
yes!
474 158
199712 149784 249640 0 59026
yes!
474 237
168507 224676 280845 0 59026
yes!
475 190
189525 180500 261725 0 59026
yes!
476 196
188160 186592 264992 0 59026
yes!
476 204
184960 194208 268192 0 59026
yes!
476 238
169932 226576 283220 0 59026
yes!
477 159
202248 151686 252810 0 59026
yes!
478 198
189280 189288 267688 0 59026
yes!
478 239
171363 228484 285605 0 59026
yes!
480 160
204800 153600 256000 0 59026
yes!
480 192
193536 184320 267264 0 59026
yes!
480 200
190400 192000 270400 0 59026
yes!
480 240
172800 230400 288000 0 59026
yes!
482 241
174243 232324 290405 0 59026
yes!
483 161
207368 155526 259210 0 59026
yes!
483 207
190440 199962 276138 0 59026
yes!
484 242
175692 234256 292820 0 59026
yes!
485 194
197589 188180 272861 0 59026
yes!
486 162
209952 157464 262440 0 59026
yes!
486 243
177147 236196 295245 0 59026
yes!
488 244
178608 238144 297680 0 59026
yes!
489 163
212552 159414 265690 0 59026
yes!
490 196
201684 192080 278516 0 59026
yes!
490 203
198891 198940 281309 0 59026
yes!
490 210
196000 205800 284200 0 59026
yes!
490 245
180075 240100 300125 0 59026
yes!
492 164
215168 161376 268960 0 59026
yes!
492 204
200448 200736 283680 0 59026
yes!
492 205
200039 201720 284089 0 59026
yes!
492 246
181548 242064 302580 0 59026
yes!
493 203
201840 200158 284258 0 59026
yes!
493 204
201433 201144 284665 0 59026
yes!
494 247
183027 244036 305045 0 59026
yes!
495 165
217800 163350 272250 0 59026
yes!
495 198
205821 196020 284229 0 59026
yes!
495 205
203000 202950 287050 0 59026
yes!
496 248
184512 246016 307520 0 59026
yes!
497 213
201640 211722 292378 0 59026
yes!
498 166
220448 165336 275560 0 59026
yes!
498 249
186003 248004 310005 0 59026
yes!
500 200
210000 200000 290000 0 59026
yes!
500 250
187500 250000 312500 0 59026
yes!
501 167
223112 167334 278890 0 59026
yes!
502 251
189003 252004 315005 0 59026
yes!
504 168
225792 169344 282240 0 59026
yes!
504 210
209916 211680 298116 0 59026
yes!
504 216
207360 217728 300672 0 59026
yes!
504 252
190512 254016 317520 0 59026
yes!
505 202
214221 204020 295829 0 59026
yes!
506 253
192027 256036 320045 0 59026
yes!
507 169
228488 171366 285610 0 59026
yes!
507 210
212949 212940 301149 0 59026
yes!
508 254
193548 258064 322580 0 59026
yes!
510 170
231200 173400 289000 0 59026
yes!
510 204
218484 208080 301716 0 59026
yes!
510 210
216000 214200 304200 0 59026
yes!
510 255
195075 260100 325125 0 59026
yes!
511 219
213160 223818 309082 0 59026
yes!
512 256
196608 262144 327680 0 59026
yes!
513 171
233928 175446 292410 0 59026
yes!
514 257
198147 264196 330245 0 59026
yes!
515 206
222789 212180 307661 0 59026
yes!
516 172
236672 177504 295840 0 59026
yes!
516 215
220031 221880 312481 0 59026
yes!
516 258
199692 266256 332820 0 59026
yes!
518 222
219040 229992 317608 0 59026
yes!
518 259
201243 268324 335405 0 59026
yes!
519 173
239432 179574 299290 0 59026
yes!
520 208
227136 216320 313664 0 59026
yes!
520 260
202800 270400 338000 0 59026
yes!
522 174
242208 181656 302760 0 59026
yes!
522 216
225828 225504 319140 0 59026
yes!
522 261
204363 272484 340605 0 59026
yes!
524 262
205932 274576 343220 0 59026
yes!
525 175
245000 183750 306250 0 59026
yes!
525 210
231525 220500 319725 0 59026
yes!
525 225
225000 236250 326250 0 59026
yes!
526 263
207507 276676 345845 0 59026
yes!
527 217
230640 228718 324818 0 59026
yes!
528 176
247808 185856 309760 0 59026
yes!
528 220
230384 232320 327184 0 59026
yes!
528 264
209088 278784 348480 0 59026
yes!
530 212
235956 224720 325844 0 59026
yes!
530 265
210675 280900 351125 0 59026
yes!
531 177
250632 187974 313290 0 59026
yes!
532 228
231040 242592 335008 0 59026
yes!
532 266
212268 283024 353780 0 59026
yes!
533 221
235248 235586 332930 0 59026
yes!
534 178
253472 190104 316840 0 59026
yes!
534 267
213867 285156 356445 0 59026
yes!
535 214
240429 228980 332021 0 59026
yes!
536 268
215472 287296 359120 0 59026
yes!
537 179
256328 192246 320410 0 59026
yes!
538 269
217083 289444 361805 0 59026
yes!
539 231
237160 249018 343882 0 59026
yes!
540 180
259200 194400 324000 0 59026
yes!
540 216
244944 233280 338256 0 59026
yes!
540 225
240975 243000 342225 0 59026
yes!
540 270
218700 291600 364500 0 59026
yes!
542 271
220323 293764 367205 0 59026
yes!
543 181
262088 196566 327610 0 59026
yes!
544 224
245760 243712 346112 0 59026
yes!
544 272
221952 295936 369920 0 59026
yes!
545 218
249501 237620 344549 0 59026
yes!
546 182
264992 198744 331240 0 59026
yes!
546 234
243360 255528 352872 0 59026
yes!
546 273
223587 298116 372645 0 59026
yes!
548 274
225228 300304 375380 0 59026
yes!
549 183
267912 200934 334890 0 59026
yes!
550 220
254100 242000 350900 0 59026
yes!
550 275
226875 302500 378125 0 59026
yes!
551 228
251617 251256 355585 0 59026
yes!
552 184
270848 203136 338560 0 59026
yes!
552 230
251804 253920 357604 0 59026
yes!
552 276
228528 304704 380880 0 59026
yes!
553 237
249640 262122 361978 0 59026
yes!
554 277
230187 306916 383645 0 59026
yes!
555 185
273800 205350 342250 0 59026
yes!
555 222
258741 246420 357309 0 59026
yes!
556 278
231852 309136 386420 0 59026
yes!
558 186
276768 207576 345960 0 59026
yes!
558 279
233523 311364 389205 0 59026
yes!
560 224
263424 250880 363776 0 59026
yes!
560 232
259776 259840 367424 0 59026
yes!
560 240
256000 268800 371200 0 59026
yes!
560 280
235200 313600 392000 0 59026
yes!
561 187
279752 209814 349690 0 59026
yes!
561 231
261360 259182 368082 0 59026
yes!
562 281
236883 315844 394805 0 59026
yes!
564 188
282752 212064 353440 0 59026
yes!
564 235
262871 265080 373321 0 59026
yes!
564 282
238572 318096 397620 0 59026
yes!
565 226
268149 255380 370301 0 59026
yes!
566 283
240267 320356 400445 0 59026
yes!
567 189
285768 214326 357210 0 59026
yes!
567 243
262440 275562 380538 0 59026
yes!
568 284
241968 322624 403280 0 59026
yes!
570 190
288800 216600 361000 0 59026
yes!
570 228
272916 259920 376884 0 59026
yes!
570 285
243675 324900 406125 0 59026
yes!
572 286
245388 327184 408980 0 59026
yes!
573 191
291848 218886 364810 0 59026
yes!
574 238
272832 273224 386120 0 59026
yes!
574 246
268960 282408 389992 0 59026
yes!
574 287
247107 329476 411845 0 59026
yes!
575 230
277725 264500 383525 0 59026
yes!
576 192
294912 221184 368640 0 59026
yes!
576 240
274176 276480 389376 0 59026
yes!
576 288
248832 331776 414720 0 59026
yes!
577 239
275808 275806 390050 0 59026
yes!
578 238
277440 275128 390728 0 59026
yes!
578 289
250563 334084 417605 0 59026
yes!
579 193
297992 223494 372490 0 59026
yes!
580 232
282576 269120 390224 0 59026
yes!
580 240
278800 278400 394000 0 59026
yes!
580 290
252300 336400 420500 0 59026
yes!
581 249
275560 289338 399562 0 59026
yes!
582 194
301088 225816 376360 0 59026
yes!
582 291
254043 338724 423405 0 59026
yes!
584 292
255792 341056 426320 0 59026
yes!
585 195
304200 228150 380250 0 59026
yes!
585 234
287469 273780 396981 0 59026
yes!
586 293
257547 343396 429245 0 59026
yes!
588 196
307328 230496 384160 0 59026
yes!
588 245
285719 288120 405769 0 59026
yes!
588 252
282240 296352 409248 0 59026
yes!
588 294
259308 345744 432180 0 59026
yes!
590 236
292404 278480 403796 0 59026
yes!
590 295
261075 348100 435125 0 59026
yes!
591 197
310472 232854 388090 0 59026
yes!
592 296
262848 350464 438080 0 59026
yes!
594 198
313632 235224 392040 0 59026
yes!
594 246
292320 292248 413352 0 59026
yes!
594 297
264627 352836 441045 0 59026
yes!
595 238
297381 283220 410669 0 59026
yes!
595 245
294000 291550 414050 0 59026
yes!
595 255
289000 303450 419050 0 59026
yes!
596 298
266412 355216 444020 0 59026
yes!
597 199
316808 237606 396010 0 59026
yes!
598 299
268203 357604 447005 0 59026
yes!
600 200
320000 240000 400000 0 59026
yes!
600 240
302400 288000 417600 0 59026
yes!
600 250
297500 300000 422500 0 59026
yes!
600 300
270000 360000 450000 0 59026
yes!
602 258
295840 310632 428968 0 59026
yes!
602 301
271803 362404 453005 0 59026
yes!
603 201
323208 242406 404010 0 59026
yes!
604 302
273612 364816 456020 0 59026
yes!
605 242
307461 292820 424589 0 59026
yes!
606 202
326432 244824 408040 0 59026
yes!
606 303
275427 367236 459045 0 59026
yes!
608 304
277248 369664 462080 0 59026
yes!
609 203
329672 247254 412090 0 59026
yes!
609 252
307377 306936 434385 0 59026
yes!
609 261
302760 317898 439002 0 59026
yes!
610 244
312564 297680 431636 0 59026
yes!
610 305
279075 372100 465125 0 59026
yes!
612 204
332928 249696 416160 0 59026
yes!
612 252
311040 308448 438048 0 59026
yes!
612 255
309519 312120 439569 0 59026
yes!
612 306
280908 374544 468180 0 59026
yes!
614 307
282747 376996 471245 0 59026
yes!
615 205
336200 252150 420250 0 59026
yes!
615 246
317709 302580 438741 0 59026
yes!
615 255
313200 313650 443250 0 59026
yes!
616 264
309760 325248 449152 0 59026
yes!
616 308
284592 379456 474320 0 59026
yes!
618 206
339488 254616 424360 0 59026
yes!
618 309
286443 381924 477405 0 59026
yes!
620 248
322896 307520 445904 0 59026
yes!
620 310
288300 384400 480500 0 59026
yes!
621 207
342792 257094 428490 0 59026
yes!
622 311
290163 386884 483605 0 59026
yes!
623 267
316840 332682 459418 0 59026
yes!
624 208
346112 259584 432640 0 59026
yes!
624 260
321776 324480 456976 0 59026
yes!
624 312
292032 389376 486720 0 59026
yes!
625 250
328125 312500 453125 0 59026
yes!
626 313
293907 391876 489845 0 59026
yes!
627 209
349448 262086 436810 0 59026
yes!
628 314
295788 394384 492980 0 59026
yes!
629 259
328560 325822 462722 0 59026
yes!
630 210
352800 264600 441000 0 59026
yes!
630 252
333396 317520 460404 0 59026
yes!
630 261
328779 328860 465021 0 59026
yes!
630 270
324000 340200 469800 0 59026
yes!
630 315
297675 396900 496125 0 59026
yes!
632 316
299568 399424 499280 0 59026
yes!
633 211
356168 267126 445210 0 59026
yes!
634 317
301467 401956 502445 0 59026
yes!
635 254
338709 322580 467741 0 59026
yes!
636 212
359552 269664 449440 0 59026
yes!
636 265
334271 337080 474721 0 59026
yes!
636 318
303372 404496 505620 0 59026
yes!
637 273
331240 347802 480298 0 59026
yes!
638 264
337348 336864 476740 0 59026
yes!
638 319
305283 407044 508805 0 59026
yes!
639 213
362952 272214 453690 0 59026
yes!
640 256
344064 327680 475136 0 59026
yes!
640 320
307200 409600 512000 0 59026
yes!
642 214
366368 274776 457960 0 59026
yes!
642 321
309123 412164 515205 0 59026
yes!
644 276
338560 355488 490912 0 59026
yes!
644 322
311052 414736 518420 0 59026
yes!
645 215
369800 277350 462250 0 59026
yes!
645 258
349461 332820 482589 0 59026
yes!
646 266
346560 343672 488072 0 59026
yes!
646 323
312987 417316 521645 0 59026
yes!
648 216
373248 279936 466560 0 59026
yes!
648 270
347004 349920 492804 0 59026
yes!
648 324
314928 419904 524880 0 59026
yes!
650 260
354900 338000 490100 0 59026
yes!
650 325
316875 422500 528125 0 59026
yes!
651 217
376712 282534 470890 0 59026
yes!
651 279
345960 363258 501642 0 59026
yes!
652 326
318828 425104 531380 0 59026
yes!
654 218
380192 285144 475240 0 59026
yes!
654 327
320787 427716 534645 0 59026
yes!
655 262
360381 343220 497669 0 59026
yes!
656 272
356352 356864 504320 0 59026
yes!
656 328
322752 430336 537920 0 59026
yes!
657 219
383688 287766 479610 0 59026
yes!
658 282
353440 371112 512488 0 59026
yes!
658 329
324723 432964 541205 0 59026
yes!
660 220
387200 290400 484000 0 59026
yes!
660 264
365904 348480 505296 0 59026
yes!
660 275
359975 363000 511225 0 59026
yes!
660 330
326700 435600 544500 0 59026
yes!
662 331
328683 438244 547805 0 59026
yes!
663 221
390728 293046 488410 0 59026
yes!
663 273
365040 361998 514098 0 59026
yes!
664 332
330672 440896 551120 0 59026
yes!
665 266
371469 353780 512981 0 59026
yes!
665 285
361000 379050 523450 0 59026
yes!
666 222
394272 295704 492840 0 59026
yes!
666 333
332667 443556 554445 0 59026
yes!
667 276
368713 368184 521065 0 59026
yes!
668 334
334668 446224 557780 0 59026
yes!
669 223
397832 298374 497290 0 59026
yes!
670 268
377076 359120 520724 0 59026
yes!
670 335
336675 448900 561125 0 59026
yes!
672 224
401408 301056 501760 0 59026
yes!
672 280
373184 376320 529984 0 59026
yes!
672 288
368640 387072 534528 0 59026
yes!
672 336
338688 451584 564480 0 59026
yes!
674 337
340707 454276 567845 0 59026
yes!
675 225
405000 303750 506250 0 59026
yes!
675 270
382725 364500 528525 0 59026
yes!
676 280
378576 378560 535376 0 59026
yes!
676 338
342732 456976 571220 0 59026
yes!
678 226
408608 306456 510760 0 59026
yes!
678 339
344763 459684 574605 0 59026
yes!
679 291
376360 395178 545722 0 59026
yes!
680 272
388416 369920 536384 0 59026
yes!
680 280
384000 380800 540800 0 59026
yes!
680 340
346800 462400 578000 0 59026
yes!
681 227
412232 309174 515290 0 59026
yes!
682 341
348843 465124 581405 0 59026
yes!
684 228
415872 311904 519840 0 59026
yes!
684 285
386631 389880 549081 0 59026
yes!
684 342
350892 467856 584820 0 59026
yes!
685 274
394149 375380 544301 0 59026
yes!
686 294
384160 403368 557032 0 59026
yes!
686 343
352947 470596 588245 0 59026
yes!
687 229
419528 314646 524410 0 59026
yes!
688 344
355008 473344 591680 0 59026
yes!
690 230
423200 317400 529000 0 59026
yes!
690 276
399924 380880 552276 0 59026
yes!
690 345
357075 476100 595125 0 59026
yes!
692 346
359148 478864 598580 0 59026
yes!
693 231
426888 320166 533610 0 59026
yes!
693 287
397880 397782 562618 0 59026
yes!
693 297
392040 411642 568458 0 59026
yes!
694 347
361227 481636 602045 0 59026
yes!
695 278
405741 386420 560309 0 59026
yes!
696 232
430592 322944 538240 0 59026
yes!
696 288
401472 400896 567360 0 59026
yes!
696 290
400316 403680 568516 0 59026
yes!
696 348
363312 484416 605520 0 59026
yes!
697 287
403440 400078 568178 0 59026
yes!
697 289
402288 402866 569330 0 59026
yes!
698 349
365403 487204 609005 0 59026
yes!
699 233
434312 325734 542890 0 59026
yes!
700 280
411600 392000 568400 0 59026
yes!
700 290
405900 406000 574100 0 59026
yes!
700 300
400000 420000 580000 0 59026
yes!
700 350
367500 490000 612500 0 59026
yes!
702 234
438048 328536 547560 0 59026
yes!
702 351
369603 492804 616005 0 59026
yes!
704 352
371712 495616 619520 0 59026
yes!
705 235
441800 331350 552250 0 59026
yes!
705 282
417501 397620 576549 0 59026
yes!
706 353
373827 498436 623045 0 59026
yes!
707 303
408040 428442 591658 0 59026
yes!
708 236
445568 334176 556960 0 59026
yes!
708 295
414239 417720 588289 0 59026
yes!
708 354
375948 501264 626580 0 59026
yes!
710 284
423444 403280 584756 0 59026
yes!
710 355
378075 504100 630125 0 59026
yes!
711 237
449352 337014 561690 0 59026
yes!
712 356
380208 506944 633680 0 59026
yes!
714 238
453152 339864 566440 0 59026
yes!
714 294
423360 419832 596232 0 59026
yes!
714 306
416160 436968 603432 0 59026
yes!
714 357
382347 509796 637245 0 59026
yes!
715 286
429429 408980 593021 0 59026
yes!
716 358
384492 512656 640820 0 59026
yes!
717 239
456968 342726 571210 0 59026
yes!
717 297
425880 425898 602298 0 59026
yes!
718 359
386643 515524 644405 0 59026
yes!
720 240
460800 345600 576000 0 59026
yes!
720 288
435456 414720 601344 0 59026
yes!
720 300
428400 432000 608400 0 59026
yes!
720 360
388800 518400 648000 0 59026
yes!
721 309
424360 445578 615322 0 59026
yes!
722 361
390963 521284 651605 0 59026
yes!
723 241
464648 348486 580810 0 59026
yes!
724 362
393132 524176 655220 0 59026
yes!
725 290
441525 420500 609725 0 59026
yes!
725 300
435625 435000 615625 0 59026
yes!
726 242
468512 351384 585640 0 59026
yes!
726 363
395307 527076 658845 0 59026
yes!
728 312
432640 454272 627328 0 59026
yes!
728 364
397488 529984 662480 0 59026
yes!
729 243
472392 354294 590490 0 59026
yes!
730 292
447636 426320 618164 0 59026
yes!
730 365
399675 532900 666125 0 59026
yes!
731 301
443760 440062 624962 0 59026
yes!
732 244
476288 357216 595360 0 59026
yes!
732 305
442799 446520 628849 0 59026
yes!
732 366
401868 535824 669780 0 59026
yes!
734 367
404067 538756 673445 0 59026
yes!
735 245
480200 360150 600250 0 59026
yes!
735 294
453789 432180 626661 0 59026
yes!
735 315
441000 463050 639450 0 59026
yes!
736 368
406272 541696 677120 0 59026
yes!
738 246
484128 363096 605160 0 59026
yes!
738 306
451008 451656 638280 0 59026
yes!
738 369
408483 544644 680805 0 59026
yes!
740 296
459984 438080 635216 0 59026
yes!
740 370
410700 547600 684500 0 59026
yes!
741 247
488072 366054 610090 0 59026
yes!
742 318
449440 471912 651688 0 59026
yes!
742 371
412923 550564 688205 0 59026
yes!
744 248
492032 369024 615040 0 59026
yes!
744 310
457436 461280 649636 0 59026
yes!
744 372
415152 553536 691920 0 59026
yes!
745 298
466221 444020 643829 0 59026
yes!
746 373
417387 556516 695645 0 59026
yes!
747 249
496008 372006 620010 0 59026
yes!
748 308
464640 460768 654368 0 59026
yes!
748 374
419628 559504 699380 0 59026
yes!
749 321
457960 480858 664042 0 59026
yes!
750 250
500000 375000 625000 0 59026
yes!
750 300
472500 450000 652500 0 59026
yes!
750 375
421875 562500 703125 0 59026
yes!
752 376
424128 565504 706880 0 59026
yes!
753 251
504008 378006 630010 0 59026
yes!
754 312
471172 470496 665860 0 59026
yes!
754 377
426387 568516 710645 0 59026
yes!
755 302
478821 456020 661229 0 59026
yes!
756 252
508032 381024 635040 0 59026
yes!
756 315
472311 476280 670761 0 59026
yes!
756 324
466560 489888 676512 0 59026
yes!
756 378
428652 571536 714420 0 59026
yes!
758 379
430923 574564 718205 0 59026
yes!
759 253
512072 384054 640090 0 59026
yes!
760 304
485184 462080 670016 0 59026
yes!
760 380
433200 577600 722000 0 59026
yes!
762 254
516128 387096 645160 0 59026
yes!
762 381
435483 580644 725805 0 59026
yes!
763 327
475240 499002 689098 0 59026
yes!
764 382
437772 583696 729620 0 59026
yes!
765 255
520200 390150 650250 0 59026
yes!
765 306
491589 468180 678861 0 59026
yes!
765 315
486000 481950 684450 0 59026
yes!
766 383
440067 586756 733445 0 59026
yes!
768 256
524288 393216 655360 0 59026
yes!
768 320
487424 491520 692224 0 59026
yes!
768 384
442368 589824 737280 0 59026
yes!
770 308
498036 474320 687764 0 59026
yes!
770 319
491139 491260 694661 0 59026
yes!
770 330
484000 508200 701800 0 59026
yes!
770 385
444675 592900 741125 0 59026
yes!
771 257
528392 396294 660490 0 59026
yes!
772 386
446988 595984 744980 0 59026
yes!
774 258
532512 399384 665640 0 59026
yes!
774 387
449307 599076 748845 0 59026
yes!
775 310
504525 480500 696725 0 59026
yes!
776 388
451632 602176 752720 0 59026
yes!
777 259
536648 402486 670810 0 59026
yes!
777 333
492840 517482 714618 0 59026
yes!
778 389
453963 605284 756605 0 59026
yes!
779 323
502512 503234 711170 0 59026
yes!
780 260
540800 405600 676000 0 59026
yes!
780 312
511056 486720 705744 0 59026
yes!
780 325
502775 507000 714025 0 59026
yes!
780 390
456300 608400 760500 0 59026
yes!
782 322
507840 503608 715208 0 59026
yes!
782 391
458643 611524 764405 0 59026
yes!
783 261
544968 408726 681210 0 59026
yes!
783 324
508113 507384 718065 0 59026
yes!
784 336
501760 526848 727552 0 59026
yes!
784 392
460992 614656 768320 0 59026
yes!
785 314
517629 492980 714821 0 59026
yes!
786 262
549152 411864 686440 0 59026
yes!
786 393
463347 617796 772245 0 59026
yes!
788 394
465708 620944 776180 0 59026
yes!
789 263
553352 415014 691690 0 59026
yes!
790 316
524244 499280 723956 0 59026
yes!
790 395
468075 624100 780125 0 59026
yes!
791 339
510760 536298 740602 0 59026
yes!
792 264
557568 418176 696960 0 59026
yes!
792 328
519680 519552 734848 0 59026
yes!
792 330
518364 522720 736164 0 59026
yes!
792 396
470448 627264 784080 0 59026
yes!
794 397
472827 630436 788045 0 59026
yes!
795 265
561800 421350 702250 0 59026
yes!
795 318
530901 505620 733149 0 59026
yes!
796 398
475212 633616 792020 0 59026
yes!
798 266
566048 424536 707560 0 59026
yes!
798 342
519840 545832 753768 0 59026
yes!
798 399
477603 636804 796005 0 59026
yes!
799 329
530160 525742 746642 0 59026
yes!
800 320
537600 512000 742400 0 59026
yes!
800 400
480000 640000 800000 0 59026
yes!
801 267
570312 427734 712890 0 59026
yes!
802 401
482403 643204 804005 0 59026
yes!
804 268
574592 430944 718240 0 59026
yes!
804 335
534191 538680 758641 0 59026
yes!
804 402
484812 646416 808020 0 59026
yes!
805 322
544341 518420 751709 0 59026
yes!
805 345
529000 555450 767050 0 59026
yes!
806 403
487227 649636 812045 0 59026
yes!
807 269
578888 434166 723610 0 59026
yes!
808 404
489648 652864 816080 0 59026
yes!
810 270
583200 437400 729000 0 59026
yes!
810 324
551124 524880 761076 0 59026
yes!
810 405
492075 656100 820125 0 59026
yes!
812 336
546448 545664 772240 0 59026
yes!
812 348
538240 565152 780448 0 59026
yes!
812 406
494508 659344 824180 0 59026
yes!
813 271
587528 440646 734410 0 59026
yes!
814 407
496947 662596 828245 0 59026
yes!
815 326
557949 531380 770501 0 59026
yes!
816 272
591872 443904 739840 0 59026
yes!
816 336
552960 548352 778752 0 59026
yes!
816 338
551612 551616 780100 0 59026
yes!
816 340
550256 554880 781456 0 59026
yes!
816 408
499392 665856 832320 0 59026
