prime map complete
primes complete
25
9409

6 1 5 25
10 1 7 49
22 1 11 121
30 1 13 169
50 1 17 289
62 1 19 361
90 1 23 529
142 1 29 841
162 1 31 961
230 1 37 1369
282 1 41 1681
310 1 43 1849
370 1 47 2209
470 1 53 2809
582 1 59 3481
622 1 61 3721
750 1 67 4489
842 1 71 5041
890 1 73 5329
1042 1 79 6241
1150 1 83 6889
1322 1 89 7921
1570 1 97 9409
9 4 7 49
21 4 11 121
29 4 13 169
49 4 17 289
61 4 19 361
89 4 23 529
141 4 29 841
161 4 31 961
229 4 37 1369
281 4 41 1681
309 4 43 1849
369 4 47 2209
469 4 53 2809
581 4 59 3481
621 4 61 3721
749 4 67 4489
841 4 71 5041
889 4 73 5329
1041 4 79 6241
1149 4 83 6889
1321 4 89 7921
1569 4 97 9409
20 7 11 121
28 7 13 169
48 7 17 289
60 7 19 361
88 7 23 529
140 7 29 841
160 7 31 961
228 7 37 1369
280 7 41 1681
308 7 43 1849
368 7 47 2209
468 7 53 2809
580 7 59 3481
620 7 61 3721
748 7 67 4489
840 7 71 5041
888 7 73 5329
1040 7 79 6241
1148 7 83 6889
1320 7 89 7921
1568 7 97 9409
19 10 11 121
27 10 13 169
47 10 17 289
59 10 19 361
87 10 23 529
139 10 29 841
159 10 31 961
227 10 37 1369
279 10 41 1681
307 10 43 1849
367 10 47 2209
467 10 53 2809
579 10 59 3481
619 10 61 3721
747 10 67 4489
839 10 71 5041
887 10 73 5329
1039 10 79 6241
1147 10 83 6889
1319 10 89 7921
1567 10 97 9409
18 13 11 121
26 13 13 169
46 13 17 289
58 13 19 361
86 13 23 529
138 13 29 841
158 13 31 961
226 13 37 1369
278 13 41 1681
306 13 43 1849
366 13 47 2209
466 13 53 2809
578 13 59 3481
618 13 61 3721
746 13 67 4489
838 13 71 5041
886 13 73 5329
1038 13 79 6241
1146 13 83 6889
1318 13 89 7921
1566 13 97 9409
25 16 13 169
45 16 17 289
57 16 19 361
85 16 23 529
137 16 29 841
157 16 31 961
225 16 37 1369
277 16 41 1681
305 16 43 1849
365 16 47 2209
465 16 53 2809
577 16 59 3481
617 16 61 3721
745 16 67 4489
837 16 71 5041
885 16 73 5329
1037 16 79 6241
1145 16 83 6889
1317 16 89 7921
1565 16 97 9409
24 19 13 169
44 19 17 289
56 19 19 361
84 19 23 529
136 19 29 841
156 19 31 961
224 19 37 1369
276 19 41 1681
304 19 43 1849
364 19 47 2209
464 19 53 2809
576 19 59 3481
616 19 61 3721
744 19 67 4489
836 19 71 5041
884 19 73 5329
1036 19 79 6241
1144 19 83 6889
1316 19 89 7921
1564 19 97 9409
43 22 17 289
55 22 19 361
83 22 23 529
135 22 29 841
155 22 31 961
223 22 37 1369
275 22 41 1681
303 22 43 1849
363 22 47 2209
463 22 53 2809
575 22 59 3481
615 22 61 3721
743 22 67 4489
835 22 71 5041
883 22 73 5329
1035 22 79 6241
1143 22 83 6889
1315 22 89 7921
1563 22 97 9409
42 25 17 289
54 25 19 361
82 25 23 529
134 25 29 841
154 25 31 961
222 25 37 1369
274 25 41 1681
302 25 43 1849
362 25 47 2209
462 25 53 2809
574 25 59 3481
614 25 61 3721
742 25 67 4489
834 25 71 5041
882 25 73 5329
1034 25 79 6241
1142 25 83 6889
1314 25 89 7921
1562 25 97 9409
41 28 17 289
53 28 19 361
81 28 23 529
133 28 29 841
153 28 31 961
221 28 37 1369
273 28 41 1681
301 28 43 1849
361 28 47 2209
461 28 53 2809
573 28 59 3481
613 28 61 3721
741 28 67 4489
833 28 71 5041
881 28 73 5329
1033 28 79 6241
1141 28 83 6889
1313 28 89 7921
1561 28 97 9409
40 31 17 289
52 31 19 361
80 31 23 529
132 31 29 841
152 31 31 961
220 31 37 1369
272 31 41 1681
300 31 43 1849
360 31 47 2209
460 31 53 2809
572 31 59 3481
612 31 61 3721
740 31 67 4489
832 31 71 5041
880 31 73 5329
1032 31 79 6241
1140 31 83 6889
1312 31 89 7921
1560 31 97 9409
39 34 17 289
51 34 19 361
79 34 23 529
131 34 29 841
151 34 31 961
219 34 37 1369
271 34 41 1681
299 34 43 1849
359 34 47 2209
459 34 53 2809
571 34 59 3481
611 34 61 3721
739 34 67 4489
831 34 71 5041
879 34 73 5329
1031 34 79 6241
1139 34 83 6889
1311 34 89 7921
1559 34 97 9409
50 37 19 361
78 37 23 529
130 37 29 841
150 37 31 961
218 37 37 1369
270 37 41 1681
298 37 43 1849
358 37 47 2209
458 37 53 2809
570 37 59 3481
610 37 61 3721
738 37 67 4489
830 37 71 5041
878 37 73 5329
1030 37 79 6241
1138 37 83 6889
1310 37 89 7921
1558 37 97 9409
49 40 19 361
77 40 23 529
129 40 29 841
149 40 31 961
217 40 37 1369
269 40 41 1681
297 40 43 1849
357 40 47 2209
457 40 53 2809
569 40 59 3481
609 40 61 3721
737 40 67 4489
829 40 71 5041
877 40 73 5329
1029 40 79 6241
1137 40 83 6889
1309 40 89 7921
1557 40 97 9409
48 43 19 361
76 43 23 529
128 43 29 841
148 43 31 961
216 43 37 1369
268 43 41 1681
296 43 43 1849
356 43 47 2209
456 43 53 2809
568 43 59 3481
608 43 61 3721
736 43 67 4489
828 43 71 5041
876 43 73 5329
1028 43 79 6241
1136 43 83 6889
1308 43 89 7921
1556 43 97 9409
75 46 23 529
127 46 29 841
147 46 31 961
215 46 37 1369
267 46 41 1681
295 46 43 1849
355 46 47 2209
455 46 53 2809
567 46 59 3481
607 46 61 3721
735 46 67 4489
827 46 71 5041
875 46 73 5329
1027 46 79 6241
1135 46 83 6889
1307 46 89 7921
1555 46 97 9409
74 49 23 529
126 49 29 841
146 49 31 961
214 49 37 1369
266 49 41 1681
294 49 43 1849
354 49 47 2209
454 49 53 2809
566 49 59 3481
606 49 61 3721
734 49 67 4489
826 49 71 5041
874 49 73 5329
1026 49 79 6241
1134 49 83 6889
1306 49 89 7921
1554 49 97 9409
73 52 23 529
125 52 29 841
145 52 31 961
213 52 37 1369
265 52 41 1681
293 52 43 1849
353 52 47 2209
453 52 53 2809
565 52 59 3481
605 52 61 3721
733 52 67 4489
825 52 71 5041
873 52 73 5329
1025 52 79 6241
1133 52 83 6889
1305 52 89 7921
1553 52 97 9409
72 55 23 529
124 55 29 841
144 55 31 961
212 55 37 1369
264 55 41 1681
292 55 43 1849
352 55 47 2209
452 55 53 2809
564 55 59 3481
604 55 61 3721
732 55 67 4489
824 55 71 5041
872 55 73 5329
1024 55 79 6241
1132 55 83 6889
1304 55 89 7921
1552 55 97 9409
71 58 23 529
123 58 29 841
143 58 31 961
211 58 37 1369
263 58 41 1681
291 58 43 1849
351 58 47 2209
451 58 53 2809
563 58 59 3481
603 58 61 3721
731 58 67 4489
823 58 71 5041
871 58 73 5329
1023 58 79 6241
1131 58 83 6889
1303 58 89 7921
1551 58 97 9409
70 61 23 529
122 61 29 841
142 61 31 961
210 61 37 1369
262 61 41 1681
290 61 43 1849
350 61 47 2209
450 61 53 2809
562 61 59 3481
602 61 61 3721
730 61 67 4489
822 61 71 5041
870 61 73 5329
1022 61 79 6241
1130 61 83 6889
1302 61 89 7921
1550 61 97 9409
69 64 23 529
121 64 29 841
141 64 31 961
209 64 37 1369
261 64 41 1681
289 64 43 1849
349 64 47 2209
449 64 53 2809
561 64 59 3481
601 64 61 3721
729 64 67 4489
821 64 71 5041
869 64 73 5329
1021 64 79 6241
1129 64 83 6889
1301 64 89 7921
1549 64 97 9409
120 67 29 841
140 67 31 961
208 67 37 1369
260 67 41 1681
288 67 43 1849
348 67 47 2209
448 67 53 2809
560 67 59 3481
600 67 61 3721
728 67 67 4489
820 67 71 5041
868 67 73 5329
1020 67 79 6241
1128 67 83 6889
1300 67 89 7921
1548 67 97 9409
119 70 29 841
139 70 31 961
207 70 37 1369
259 70 41 1681
287 70 43 1849
347 70 47 2209
447 70 53 2809
559 70 59 3481
599 70 61 3721
727 70 67 4489
819 70 71 5041
867 70 73 5329
1019 70 79 6241
1127 70 83 6889
1299 70 89 7921
1547 70 97 9409
118 73 29 841
138 73 31 961
206 73 37 1369
258 73 41 1681
286 73 43 1849
346 73 47 2209
446 73 53 2809
558 73 59 3481
598 73 61 3721
726 73 67 4489
818 73 71 5041
866 73 73 5329
1018 73 79 6241
1126 73 83 6889
1298 73 89 7921
1546 73 97 9409
117 76 29 841
137 76 31 961
205 76 37 1369
257 76 41 1681
285 76 43 1849
345 76 47 2209
445 76 53 2809
557 76 59 3481
597 76 61 3721
725 76 67 4489
817 76 71 5041
865 76 73 5329
1017 76 79 6241
1125 76 83 6889
1297 76 89 7921
1545 76 97 9409
116 79 29 841
136 79 31 961
204 79 37 1369
256 79 41 1681
284 79 43 1849
344 79 47 2209
444 79 53 2809
556 79 59 3481
596 79 61 3721
724 79 67 4489
816 79 71 5041
864 79 73 5329
1016 79 79 6241
1124 79 83 6889
1296 79 89 7921
1544 79 97 9409
115 82 29 841
135 82 31 961
203 82 37 1369
255 82 41 1681
283 82 43 1849
343 82 47 2209
443 82 53 2809
555 82 59 3481
595 82 61 3721
723 82 67 4489
815 82 71 5041
863 82 73 5329
1015 82 79 6241
1123 82 83 6889
1295 82 89 7921
1543 82 97 9409
114 85 29 841
134 85 31 961
202 85 37 1369
254 85 41 1681
282 85 43 1849
342 85 47 2209
442 85 53 2809
554 85 59 3481
594 85 61 3721
722 85 67 4489
814 85 71 5041
862 85 73 5329
1014 85 79 6241
1122 85 83 6889
1294 85 89 7921
1542 85 97 9409
113 88 29 841
133 88 31 961
201 88 37 1369
253 88 41 1681
281 88 43 1849
341 88 47 2209
441 88 53 2809
553 88 59 3481
593 88 61 3721
721 88 67 4489
813 88 71 5041
861 88 73 5329
1013 88 79 6241
1121 88 83 6889
1293 88 89 7921
1541 88 97 9409
112 91 29 841
132 91 31 961
200 91 37 1369
252 91 41 1681
280 91 43 1849
340 91 47 2209
440 91 53 2809
552 91 59 3481
592 91 61 3721
720 91 67 4489
812 91 71 5041
860 91 73 5329
1012 91 79 6241
1120 91 83 6889
1292 91 89 7921
1540 91 97 9409
111 94 29 841
131 94 31 961
199 94 37 1369
251 94 41 1681
279 94 43 1849
339 94 47 2209
439 94 53 2809
551 94 59 3481
591 94 61 3721
719 94 67 4489
811 94 71 5041
859 94 73 5329
1011 94 79 6241
1119 94 83 6889
1291 94 89 7921
1539 94 97 9409
110 97 29 841
130 97 31 961
198 97 37 1369
250 97 41 1681
278 97 43 1849
338 97 47 2209
438 97 53 2809
550 97 59 3481
590 97 61 3721
718 97 67 4489
810 97 71 5041
858 97 73 5329
1010 97 79 6241
1118 97 83 6889
1290 97 89 7921
1538 97 97 9409
109 100 29 841
129 100 31 961
197 100 37 1369
249 100 41 1681
277 100 43 1849
337 100 47 2209
437 100 53 2809
549 100 59 3481
589 100 61 3721
717 100 67 4489
809 100 71 5041
857 100 73 5329
1009 100 79 6241
1117 100 83 6889
1289 100 89 7921
1537 100 97 9409
108 103 29 841
128 103 31 961
196 103 37 1369
248 103 41 1681
276 103 43 1849
336 103 47 2209
436 103 53 2809
548 103 59 3481
588 103 61 3721
716 103 67 4489
808 103 71 5041
856 103 73 5329
1008 103 79 6241
1116 103 83 6889
1288 103 89 7921
1536 103 97 9409
127 106 31 961
195 106 37 1369
247 106 41 1681
275 106 43 1849
335 106 47 2209
435 106 53 2809
547 106 59 3481
587 106 61 3721
715 106 67 4489
807 106 71 5041
855 106 73 5329
1007 106 79 6241
1115 106 83 6889
1287 106 89 7921
1535 106 97 9409
126 109 31 961
194 109 37 1369
246 109 41 1681
274 109 43 1849
334 109 47 2209
434 109 53 2809
546 109 59 3481
586 109 61 3721
714 109 67 4489
806 109 71 5041
854 109 73 5329
1006 109 79 6241
1114 109 83 6889
1286 109 89 7921
1534 109 97 9409
125 112 31 961
193 112 37 1369
245 112 41 1681
273 112 43 1849
333 112 47 2209
433 112 53 2809
545 112 59 3481
585 112 61 3721
713 112 67 4489
805 112 71 5041
853 112 73 5329
1005 112 79 6241
1113 112 83 6889
1285 112 89 7921
1533 112 97 9409
124 115 31 961
192 115 37 1369
244 115 41 1681
272 115 43 1849
332 115 47 2209
432 115 53 2809
544 115 59 3481
584 115 61 3721
712 115 67 4489
804 115 71 5041
852 115 73 5329
1004 115 79 6241
1112 115 83 6889
1284 115 89 7921
1532 115 97 9409
123 118 31 961
191 118 37 1369
243 118 41 1681
271 118 43 1849
331 118 47 2209
431 118 53 2809
543 118 59 3481
583 118 61 3721
711 118 67 4489
803 118 71 5041
851 118 73 5329
1003 118 79 6241
1111 118 83 6889
1283 118 89 7921
1531 118 97 9409
190 121 37 1369
242 121 41 1681
270 121 43 1849
330 121 47 2209
430 121 53 2809
542 121 59 3481
582 121 61 3721
710 121 67 4489
802 121 71 5041
850 121 73 5329
1002 121 79 6241
1110 121 83 6889
1282 121 89 7921
1530 121 97 9409
189 124 37 1369
241 124 41 1681
269 124 43 1849
329 124 47 2209
429 124 53 2809
541 124 59 3481
581 124 61 3721
709 124 67 4489
801 124 71 5041
849 124 73 5329
1001 124 79 6241
1109 124 83 6889
1281 124 89 7921
1529 124 97 9409
188 127 37 1369
240 127 41 1681
268 127 43 1849
328 127 47 2209
428 127 53 2809
540 127 59 3481
580 127 61 3721
708 127 67 4489
800 127 71 5041
848 127 73 5329
1000 127 79 6241
1108 127 83 6889
1280 127 89 7921
1528 127 97 9409
187 130 37 1369
239 130 41 1681
267 130 43 1849
327 130 47 2209
427 130 53 2809
539 130 59 3481
579 130 61 3721
707 130 67 4489
799 130 71 5041
847 130 73 5329
999 130 79 6241
1107 130 83 6889
1279 130 89 7921
1527 130 97 9409
186 133 37 1369
238 133 41 1681
266 133 43 1849
326 133 47 2209
426 133 53 2809
538 133 59 3481
578 133 61 3721
706 133 67 4489
798 133 71 5041
846 133 73 5329
998 133 79 6241
1106 133 83 6889
1278 133 89 7921
1526 133 97 9409
185 136 37 1369
237 136 41 1681
265 136 43 1849
325 136 47 2209
425 136 53 2809
537 136 59 3481
577 136 61 3721
705 136 67 4489
797 136 71 5041
845 136 73 5329
997 136 79 6241
1105 136 83 6889
1277 136 89 7921
1525 136 97 9409
184 139 37 1369
236 139 41 1681
264 139 43 1849
324 139 47 2209
424 139 53 2809
536 139 59 3481
576 139 61 3721
704 139 67 4489
796 139 71 5041
844 139 73 5329
996 139 79 6241
1104 139 83 6889
1276 139 89 7921
1524 139 97 9409
183 142 37 1369
235 142 41 1681
263 142 43 1849
323 142 47 2209
423 142 53 2809
535 142 59 3481
575 142 61 3721
703 142 67 4489
795 142 71 5041
843 142 73 5329
995 142 79 6241
1103 142 83 6889
1275 142 89 7921
1523 142 97 9409
182 145 37 1369
234 145 41 1681
262 145 43 1849
322 145 47 2209
422 145 53 2809
534 145 59 3481
574 145 61 3721
702 145 67 4489
794 145 71 5041
842 145 73 5329
994 145 79 6241
1102 145 83 6889
1274 145 89 7921
1522 145 97 9409
181 148 37 1369
233 148 41 1681
261 148 43 1849
321 148 47 2209
421 148 53 2809
533 148 59 3481
573 148 61 3721
701 148 67 4489
793 148 71 5041
841 148 73 5329
993 148 79 6241
1101 148 83 6889
1273 148 89 7921
1521 148 97 9409
180 151 37 1369
232 151 41 1681
260 151 43 1849
320 151 47 2209
420 151 53 2809
532 151 59 3481
572 151 61 3721
700 151 67 4489
792 151 71 5041
840 151 73 5329
992 151 79 6241
1100 151 83 6889
1272 151 89 7921
1520 151 97 9409
179 154 37 1369
231 154 41 1681
259 154 43 1849
319 154 47 2209
419 154 53 2809
531 154 59 3481
571 154 61 3721
699 154 67 4489
791 154 71 5041
839 154 73 5329
991 154 79 6241
1099 154 83 6889
1271 154 89 7921
1519 154 97 9409
178 157 37 1369
230 157 41 1681
258 157 43 1849
318 157 47 2209
418 157 53 2809
530 157 59 3481
570 157 61 3721
698 157 67 4489
790 157 71 5041
838 157 73 5329
990 157 79 6241
1098 157 83 6889
1270 157 89 7921
1518 157 97 9409
177 160 37 1369
229 160 41 1681
257 160 43 1849
317 160 47 2209
417 160 53 2809
529 160 59 3481
569 160 61 3721
697 160 67 4489
789 160 71 5041
837 160 73 5329
989 160 79 6241
1097 160 83 6889
1269 160 89 7921
1517 160 97 9409
176 163 37 1369
228 163 41 1681
256 163 43 1849
316 163 47 2209
416 163 53 2809
528 163 59 3481
568 163 61 3721
696 163 67 4489
788 163 71 5041
836 163 73 5329
988 163 79 6241
1096 163 83 6889
1268 163 89 7921
1516 163 97 9409
175 166 37 1369
227 166 41 1681
255 166 43 1849
315 166 47 2209
415 166 53 2809
527 166 59 3481
567 166 61 3721
695 166 67 4489
787 166 71 5041
835 166 73 5329
987 166 79 6241
1095 166 83 6889
1267 166 89 7921
1515 166 97 9409
174 169 37 1369
226 169 41 1681
254 169 43 1849
314 169 47 2209
414 169 53 2809
526 169 59 3481
566 169 61 3721
694 169 67 4489
786 169 71 5041
834 169 73 5329
986 169 79 6241
1094 169 83 6889
1266 169 89 7921
1514 169 97 9409
225 172 41 1681
253 172 43 1849
313 172 47 2209
413 172 53 2809
525 172 59 3481
565 172 61 3721
693 172 67 4489
785 172 71 5041
833 172 73 5329
985 172 79 6241
1093 172 83 6889
1265 172 89 7921
1513 172 97 9409
224 175 41 1681
252 175 43 1849
312 175 47 2209
412 175 53 2809
524 175 59 3481
564 175 61 3721
692 175 67 4489
784 175 71 5041
832 175 73 5329
984 175 79 6241
1092 175 83 6889
1264 175 89 7921
1512 175 97 9409
223 178 41 1681
251 178 43 1849
311 178 47 2209
411 178 53 2809
523 178 59 3481
563 178 61 3721
691 178 67 4489
783 178 71 5041
831 178 73 5329
983 178 79 6241
1091 178 83 6889
1263 178 89 7921
1511 178 97 9409
222 181 41 1681
250 181 43 1849
310 181 47 2209
410 181 53 2809
522 181 59 3481
562 181 61 3721
690 181 67 4489
782 181 71 5041
830 181 73 5329
982 181 79 6241
1090 181 83 6889
1262 181 89 7921
1510 181 97 9409
221 184 41 1681
249 184 43 1849
309 184 47 2209
409 184 53 2809
521 184 59 3481
561 184 61 3721
689 184 67 4489
781 184 71 5041
829 184 73 5329
981 184 79 6241
1089 184 83 6889
1261 184 89 7921
1509 184 97 9409
220 187 41 1681
248 187 43 1849
308 187 47 2209
408 187 53 2809
520 187 59 3481
560 187 61 3721
688 187 67 4489
780 187 71 5041
828 187 73 5329
980 187 79 6241
1088 187 83 6889
1260 187 89 7921
1508 187 97 9409
219 190 41 1681
247 190 43 1849
307 190 47 2209
407 190 53 2809
519 190 59 3481
559 190 61 3721
687 190 67 4489
779 190 71 5041
827 190 73 5329
979 190 79 6241
1087 190 83 6889
1259 190 89 7921
1507 190 97 9409
218 193 41 1681
246 193 43 1849
306 193 47 2209
406 193 53 2809
518 193 59 3481
558 193 61 3721
686 193 67 4489
778 193 71 5041
826 193 73 5329
978 193 79 6241
1086 193 83 6889
1258 193 89 7921
1506 193 97 9409
217 196 41 1681
245 196 43 1849
305 196 47 2209
405 196 53 2809
517 196 59 3481
557 196 61 3721
685 196 67 4489
777 196 71 5041
825 196 73 5329
977 196 79 6241
1085 196 83 6889
1257 196 89 7921
1505 196 97 9409
216 199 41 1681
244 199 43 1849
304 199 47 2209
404 199 53 2809
516 199 59 3481
556 199 61 3721
684 199 67 4489
776 199 71 5041
824 199 73 5329
976 199 79 6241
1084 199 83 6889
1256 199 89 7921
1504 199 97 9409
215 202 41 1681
243 202 43 1849
303 202 47 2209
403 202 53 2809
515 202 59 3481
555 202 61 3721
683 202 67 4489
775 202 71 5041
823 202 73 5329
975 202 79 6241
1083 202 83 6889
1255 202 89 7921
1503 202 97 9409
214 205 41 1681
242 205 43 1849
302 205 47 2209
402 205 53 2809
514 205 59 3481
554 205 61 3721
682 205 67 4489
774 205 71 5041
822 205 73 5329
974 205 79 6241
1082 205 83 6889
1254 205 89 7921
1502 205 97 9409
213 208 41 1681
241 208 43 1849
301 208 47 2209
401 208 53 2809
513 208 59 3481
553 208 61 3721
681 208 67 4489
773 208 71 5041
821 208 73 5329
973 208 79 6241
1081 208 83 6889
1253 208 89 7921
1501 208 97 9409
240 211 43 1849
300 211 47 2209
400 211 53 2809
512 211 59 3481
552 211 61 3721
680 211 67 4489
772 211 71 5041
820 211 73 5329
972 211 79 6241
1080 211 83 6889
1252 211 89 7921
1500 211 97 9409
239 214 43 1849
299 214 47 2209
399 214 53 2809
511 214 59 3481
551 214 61 3721
679 214 67 4489
771 214 71 5041
819 214 73 5329
971 214 79 6241
1079 214 83 6889
1251 214 89 7921
1499 214 97 9409
238 217 43 1849
298 217 47 2209
398 217 53 2809
510 217 59 3481
550 217 61 3721
678 217 67 4489
770 217 71 5041
818 217 73 5329
970 217 79 6241
1078 217 83 6889
1250 217 89 7921
1498 217 97 9409
237 220 43 1849
297 220 47 2209
397 220 53 2809
509 220 59 3481
549 220 61 3721
677 220 67 4489
769 220 71 5041
817 220 73 5329
969 220 79 6241
1077 220 83 6889
1249 220 89 7921
1497 220 97 9409
236 223 43 1849
296 223 47 2209
396 223 53 2809
508 223 59 3481
548 223 61 3721
676 223 67 4489
768 223 71 5041
816 223 73 5329
968 223 79 6241
1076 223 83 6889
1248 223 89 7921
1496 223 97 9409
235 226 43 1849
295 226 47 2209
395 226 53 2809
507 226 59 3481
547 226 61 3721
675 226 67 4489
767 226 71 5041
815 226 73 5329
967 226 79 6241
1075 226 83 6889
1247 226 89 7921
1495 226 97 9409
234 229 43 1849
294 229 47 2209
394 229 53 2809
506 229 59 3481
546 229 61 3721
674 229 67 4489
766 229 71 5041
814 229 73 5329
966 229 79 6241
1074 229 83 6889
1246 229 89 7921
1494 229 97 9409
293 232 47 2209
393 232 53 2809
505 232 59 3481
545 232 61 3721
673 232 67 4489
765 232 71 5041
813 232 73 5329
965 232 79 6241
1073 232 83 6889
1245 232 89 7921
1493 232 97 9409
292 235 47 2209
392 235 53 2809
504 235 59 3481
544 235 61 3721
672 235 67 4489
764 235 71 5041
812 235 73 5329
964 235 79 6241
1072 235 83 6889
1244 235 89 7921
1492 235 97 9409
291 238 47 2209
391 238 53 2809
503 238 59 3481
543 238 61 3721
671 238 67 4489
763 238 71 5041
811 238 73 5329
963 238 79 6241
1071 238 83 6889
1243 238 89 7921
1491 238 97 9409
290 241 47 2209
390 241 53 2809
502 241 59 3481
542 241 61 3721
670 241 67 4489
762 241 71 5041
810 241 73 5329
962 241 79 6241
1070 241 83 6889
1242 241 89 7921
1490 241 97 9409
289 244 47 2209
389 244 53 2809
501 244 59 3481
541 244 61 3721
669 244 67 4489
761 244 71 5041
809 244 73 5329
961 244 79 6241
1069 244 83 6889
1241 244 89 7921
1489 244 97 9409
288 247 47 2209
388 247 53 2809
500 247 59 3481
540 247 61 3721
668 247 67 4489
760 247 71 5041
808 247 73 5329
960 247 79 6241
1068 247 83 6889
1240 247 89 7921
1488 247 97 9409
287 250 47 2209
387 250 53 2809
499 250 59 3481
539 250 61 3721
667 250 67 4489
759 250 71 5041
807 250 73 5329
959 250 79 6241
1067 250 83 6889
1239 250 89 7921
1487 250 97 9409
286 253 47 2209
386 253 53 2809
498 253 59 3481
538 253 61 3721
666 253 67 4489
758 253 71 5041
806 253 73 5329
958 253 79 6241
1066 253 83 6889
1238 253 89 7921
1486 253 97 9409
285 256 47 2209
385 256 53 2809
497 256 59 3481
537 256 61 3721
665 256 67 4489
757 256 71 5041
805 256 73 5329
957 256 79 6241
1065 256 83 6889
1237 256 89 7921
1485 256 97 9409
284 259 47 2209
384 259 53 2809
496 259 59 3481
536 259 61 3721
664 259 67 4489
756 259 71 5041
804 259 73 5329
956 259 79 6241
1064 259 83 6889
1236 259 89 7921
1484 259 97 9409
283 262 47 2209
383 262 53 2809
495 262 59 3481
535 262 61 3721
663 262 67 4489
755 262 71 5041
803 262 73 5329
955 262 79 6241
1063 262 83 6889
1235 262 89 7921
1483 262 97 9409
282 265 47 2209
382 265 53 2809
494 265 59 3481
534 265 61 3721
662 265 67 4489
754 265 71 5041
802 265 73 5329
954 265 79 6241
1062 265 83 6889
1234 265 89 7921
1482 265 97 9409
281 268 47 2209
381 268 53 2809
493 268 59 3481
533 268 61 3721
661 268 67 4489
753 268 71 5041
801 268 73 5329
953 268 79 6241
1061 268 83 6889
1233 268 89 7921
1481 268 97 9409
280 271 47 2209
380 271 53 2809
492 271 59 3481
532 271 61 3721
660 271 67 4489
752 271 71 5041
800 271 73 5329
952 271 79 6241
1060 271 83 6889
1232 271 89 7921
1480 271 97 9409
279 274 47 2209
379 274 53 2809
491 274 59 3481
531 274 61 3721
659 274 67 4489
751 274 71 5041
799 274 73 5329
951 274 79 6241
1059 274 83 6889
1231 274 89 7921
1479 274 97 9409
378 277 53 2809
490 277 59 3481
530 277 61 3721
658 277 67 4489
750 277 71 5041
798 277 73 5329
950 277 79 6241
1058 277 83 6889
1230 277 89 7921
1478 277 97 9409
377 280 53 2809
489 280 59 3481
529 280 61 3721
657 280 67 4489
749 280 71 5041
797 280 73 5329
949 280 79 6241
1057 280 83 6889
1229 280 89 7921
1477 280 97 9409
376 283 53 2809
488 283 59 3481
528 283 61 3721
656 283 67 4489
748 283 71 5041
796 283 73 5329
948 283 79 6241
1056 283 83 6889
1228 283 89 7921
1476 283 97 9409
375 286 53 2809
487 286 59 3481
527 286 61 3721
655 286 67 4489
747 286 71 5041
795 286 73 5329
947 286 79 6241
1055 286 83 6889
1227 286 89 7921
1475 286 97 9409
374 289 53 2809
486 289 59 3481
526 289 61 3721
654 289 67 4489
746 289 71 5041
794 289 73 5329
946 289 79 6241
1054 289 83 6889
1226 289 89 7921
1474 289 97 9409
373 292 53 2809
485 292 59 3481
525 292 61 3721
653 292 67 4489
745 292 71 5041
793 292 73 5329
945 292 79 6241
1053 292 83 6889
1225 292 89 7921
1473 292 97 9409
372 295 53 2809
484 295 59 3481
524 295 61 3721
652 295 67 4489
744 295 71 5041
792 295 73 5329
944 295 79 6241
1052 295 83 6889
1224 295 89 7921
1472 295 97 9409
371 298 53 2809
483 298 59 3481
523 298 61 3721
651 298 67 4489
743 298 71 5041
791 298 73 5329
943 298 79 6241
1051 298 83 6889
1223 298 89 7921
1471 298 97 9409
370 301 53 2809
482 301 59 3481
522 301 61 3721
650 301 67 4489
742 301 71 5041
790 301 73 5329
942 301 79 6241
1050 301 83 6889
1222 301 89 7921
1470 301 97 9409
369 304 53 2809
481 304 59 3481
521 304 61 3721
649 304 67 4489
741 304 71 5041
789 304 73 5329
941 304 79 6241
1049 304 83 6889
1221 304 89 7921
1469 304 97 9409
368 307 53 2809
480 307 59 3481
520 307 61 3721
648 307 67 4489
740 307 71 5041
788 307 73 5329
940 307 79 6241
1048 307 83 6889
1220 307 89 7921
1468 307 97 9409
367 310 53 2809
479 310 59 3481
519 310 61 3721
647 310 67 4489
739 310 71 5041
787 310 73 5329
939 310 79 6241
1047 310 83 6889
1219 310 89 7921
1467 310 97 9409
366 313 53 2809
478 313 59 3481
518 313 61 3721
646 313 67 4489
738 313 71 5041
786 313 73 5329
938 313 79 6241
1046 313 83 6889
1218 313 89 7921
1466 313 97 9409
365 316 53 2809
477 316 59 3481
517 316 61 3721
645 316 67 4489
737 316 71 5041
785 316 73 5329
937 316 79 6241
1045 316 83 6889
1217 316 89 7921
1465 316 97 9409
364 319 53 2809
476 319 59 3481
516 319 61 3721
644 319 67 4489
736 319 71 5041
784 319 73 5329
936 319 79 6241
1044 319 83 6889
1216 319 89 7921
1464 319 97 9409
363 322 53 2809
475 322 59 3481
515 322 61 3721
643 322 67 4489
735 322 71 5041
783 322 73 5329
935 322 79 6241
1043 322 83 6889
1215 322 89 7921
1463 322 97 9409
362 325 53 2809
474 325 59 3481
514 325 61 3721
642 325 67 4489
734 325 71 5041
782 325 73 5329
934 325 79 6241
1042 325 83 6889
1214 325 89 7921
1462 325 97 9409
361 328 53 2809
473 328 59 3481
513 328 61 3721
641 328 67 4489
733 328 71 5041
781 328 73 5329
933 328 79 6241
1041 328 83 6889
1213 328 89 7921
1461 328 97 9409
360 331 53 2809
472 331 59 3481
512 331 61 3721
640 331 67 4489
732 331 71 5041
780 331 73 5329
932 331 79 6241
1040 331 83 6889
1212 331 89 7921
1460 331 97 9409
359 334 53 2809
471 334 59 3481
511 334 61 3721
639 334 67 4489
731 334 71 5041
779 334 73 5329
931 334 79 6241
1039 334 83 6889
1211 334 89 7921
1459 334 97 9409
358 337 53 2809
470 337 59 3481
510 337 61 3721
638 337 67 4489
730 337 71 5041
778 337 73 5329
930 337 79 6241
1038 337 83 6889
1210 337 89 7921
1458 337 97 9409
357 340 53 2809
469 340 59 3481
509 340 61 3721
637 340 67 4489
729 340 71 5041
777 340 73 5329
929 340 79 6241
1037 340 83 6889
1209 340 89 7921
1457 340 97 9409
356 343 53 2809
468 343 59 3481
508 343 61 3721
636 343 67 4489
728 343 71 5041
776 343 73 5329
928 343 79 6241
1036 343 83 6889
1208 343 89 7921
1456 343 97 9409
355 346 53 2809
467 346 59 3481
507 346 61 3721
635 346 67 4489
727 346 71 5041
775 346 73 5329
927 346 79 6241
1035 346 83 6889
1207 346 89 7921
1455 346 97 9409
354 349 53 2809
466 349 59 3481
506 349 61 3721
634 349 67 4489
726 349 71 5041
774 349 73 5329
926 349 79 6241
1034 349 83 6889
1206 349 89 7921
1454 349 97 9409
465 352 59 3481
505 352 61 3721
633 352 67 4489
725 352 71 5041
773 352 73 5329
925 352 79 6241
1033 352 83 6889
1205 352 89 7921
1453 352 97 9409
464 355 59 3481
504 355 61 3721
632 355 67 4489
724 355 71 5041
772 355 73 5329
924 355 79 6241
1032 355 83 6889
1204 355 89 7921
1452 355 97 9409
463 358 59 3481
503 358 61 3721
631 358 67 4489
723 358 71 5041
771 358 73 5329
923 358 79 6241
1031 358 83 6889
1203 358 89 7921
1451 358 97 9409
462 361 59 3481
502 361 61 3721
630 361 67 4489
722 361 71 5041
770 361 73 5329
922 361 79 6241
1030 361 83 6889
1202 361 89 7921
1450 361 97 9409
461 364 59 3481
501 364 61 3721
629 364 67 4489
721 364 71 5041
769 364 73 5329
921 364 79 6241
1029 364 83 6889
1201 364 89 7921
1449 364 97 9409
460 367 59 3481
500 367 61 3721
628 367 67 4489
720 367 71 5041
768 367 73 5329
920 367 79 6241
1028 367 83 6889
1200 367 89 7921
1448 367 97 9409
459 370 59 3481
499 370 61 3721
627 370 67 4489
719 370 71 5041
767 370 73 5329
919 370 79 6241
1027 370 83 6889
1199 370 89 7921
1447 370 97 9409
458 373 59 3481
498 373 61 3721
626 373 67 4489
718 373 71 5041
766 373 73 5329
918 373 79 6241
1026 373 83 6889
1198 373 89 7921
1446 373 97 9409
457 376 59 3481
497 376 61 3721
625 376 67 4489
717 376 71 5041
765 376 73 5329
917 376 79 6241
1025 376 83 6889
1197 376 89 7921
1445 376 97 9409
456 379 59 3481
496 379 61 3721
624 379 67 4489
716 379 71 5041
764 379 73 5329
916 379 79 6241
1024 379 83 6889
1196 379 89 7921
1444 379 97 9409
455 382 59 3481
495 382 61 3721
623 382 67 4489
715 382 71 5041
763 382 73 5329
915 382 79 6241
1023 382 83 6889
1195 382 89 7921
1443 382 97 9409
454 385 59 3481
494 385 61 3721
622 385 67 4489
714 385 71 5041
762 385 73 5329
914 385 79 6241
1022 385 83 6889
1194 385 89 7921
1442 385 97 9409
453 388 59 3481
493 388 61 3721
621 388 67 4489
713 388 71 5041
761 388 73 5329
913 388 79 6241
1021 388 83 6889
1193 388 89 7921
1441 388 97 9409
452 391 59 3481
492 391 61 3721
620 391 67 4489
712 391 71 5041
760 391 73 5329
912 391 79 6241
1020 391 83 6889
1192 391 89 7921
1440 391 97 9409
451 394 59 3481
491 394 61 3721
619 394 67 4489
711 394 71 5041
759 394 73 5329
911 394 79 6241
1019 394 83 6889
1191 394 89 7921
1439 394 97 9409
450 397 59 3481
490 397 61 3721
618 397 67 4489
710 397 71 5041
758 397 73 5329
910 397 79 6241
1018 397 83 6889
1190 397 89 7921
1438 397 97 9409
449 400 59 3481
489 400 61 3721
617 400 67 4489
709 400 71 5041
757 400 73 5329
909 400 79 6241
1017 400 83 6889
1189 400 89 7921
1437 400 97 9409
448 403 59 3481
488 403 61 3721
616 403 67 4489
708 403 71 5041
756 403 73 5329
908 403 79 6241
1016 403 83 6889
1188 403 89 7921
1436 403 97 9409
447 406 59 3481
487 406 61 3721
615 406 67 4489
707 406 71 5041
755 406 73 5329
907 406 79 6241
1015 406 83 6889
1187 406 89 7921
1435 406 97 9409
446 409 59 3481
486 409 61 3721
614 409 67 4489
706 409 71 5041
754 409 73 5329
906 409 79 6241
1014 409 83 6889
1186 409 89 7921
1434 409 97 9409
445 412 59 3481
485 412 61 3721
613 412 67 4489
705 412 71 5041
753 412 73 5329
905 412 79 6241
1013 412 83 6889
1185 412 89 7921
1433 412 97 9409
444 415 59 3481
484 415 61 3721
612 415 67 4489
704 415 71 5041
752 415 73 5329
904 415 79 6241
1012 415 83 6889
1184 415 89 7921
1432 415 97 9409
443 418 59 3481
483 418 61 3721
611 418 67 4489
703 418 71 5041
751 418 73 5329
903 418 79 6241
1011 418 83 6889
1183 418 89 7921
1431 418 97 9409
442 421 59 3481
482 421 61 3721
610 421 67 4489
702 421 71 5041
750 421 73 5329
902 421 79 6241
1010 421 83 6889
1182 421 89 7921
1430 421 97 9409
441 424 59 3481
481 424 61 3721
609 424 67 4489
701 424 71 5041
749 424 73 5329
901 424 79 6241
1009 424 83 6889
1181 424 89 7921
1429 424 97 9409
440 427 59 3481
480 427 61 3721
608 427 67 4489
700 427 71 5041
748 427 73 5329
900 427 79 6241
1008 427 83 6889
1180 427 89 7921
1428 427 97 9409
439 430 59 3481
479 430 61 3721
607 430 67 4489
699 430 71 5041
747 430 73 5329
899 430 79 6241
1007 430 83 6889
1179 430 89 7921
1427 430 97 9409
438 433 59 3481
478 433 61 3721
606 433 67 4489
698 433 71 5041
746 433 73 5329
898 433 79 6241
1006 433 83 6889
1178 433 89 7921
1426 433 97 9409
477 436 61 3721
605 436 67 4489
697 436 71 5041
745 436 73 5329
897 436 79 6241
1005 436 83 6889
1177 436 89 7921
1425 436 97 9409
476 439 61 3721
604 439 67 4489
696 439 71 5041
744 439 73 5329
896 439 79 6241
1004 439 83 6889
1176 439 89 7921
1424 439 97 9409
475 442 61 3721
603 442 67 4489
695 442 71 5041
743 442 73 5329
895 442 79 6241
1003 442 83 6889
1175 442 89 7921
1423 442 97 9409
474 445 61 3721
602 445 67 4489
694 445 71 5041
742 445 73 5329
894 445 79 6241
1002 445 83 6889
1174 445 89 7921
1422 445 97 9409
473 448 61 3721
601 448 67 4489
693 448 71 5041
741 448 73 5329
893 448 79 6241
1001 448 83 6889
1173 448 89 7921
1421 448 97 9409
472 451 61 3721
600 451 67 4489
692 451 71 5041
740 451 73 5329
892 451 79 6241
1000 451 83 6889
1172 451 89 7921
1420 451 97 9409
471 454 61 3721
599 454 67 4489
691 454 71 5041
739 454 73 5329
891 454 79 6241
999 454 83 6889
1171 454 89 7921
1419 454 97 9409
470 457 61 3721
598 457 67 4489
690 457 71 5041
738 457 73 5329
890 457 79 6241
998 457 83 6889
1170 457 89 7921
1418 457 97 9409
469 460 61 3721
597 460 67 4489
689 460 71 5041
737 460 73 5329
889 460 79 6241
997 460 83 6889
1169 460 89 7921
1417 460 97 9409
468 463 61 3721
596 463 67 4489
688 463 71 5041
736 463 73 5329
888 463 79 6241
996 463 83 6889
1168 463 89 7921
1416 463 97 9409
595 466 67 4489
687 466 71 5041
735 466 73 5329
887 466 79 6241
995 466 83 6889
1167 466 89 7921
1415 466 97 9409
594 469 67 4489
686 469 71 5041
734 469 73 5329
886 469 79 6241
994 469 83 6889
1166 469 89 7921
1414 469 97 9409
593 472 67 4489
685 472 71 5041
733 472 73 5329
885 472 79 6241
993 472 83 6889
1165 472 89 7921
1413 472 97 9409
592 475 67 4489
684 475 71 5041
732 475 73 5329
884 475 79 6241
992 475 83 6889
1164 475 89 7921
1412 475 97 9409
591 478 67 4489
683 478 71 5041
731 478 73 5329
883 478 79 6241
991 478 83 6889
1163 478 89 7921
1411 478 97 9409
590 481 67 4489
682 481 71 5041
730 481 73 5329
882 481 79 6241
990 481 83 6889
1162 481 89 7921
1410 481 97 9409
589 484 67 4489
681 484 71 5041
729 484 73 5329
881 484 79 6241
989 484 83 6889
1161 484 89 7921
1409 484 97 9409
588 487 67 4489
680 487 71 5041
728 487 73 5329
880 487 79 6241
988 487 83 6889
1160 487 89 7921
1408 487 97 9409
587 490 67 4489
679 490 71 5041
727 490 73 5329
879 490 79 6241
987 490 83 6889
1159 490 89 7921
1407 490 97 9409
586 493 67 4489
678 493 71 5041
726 493 73 5329
878 493 79 6241
986 493 83 6889
1158 493 89 7921
1406 493 97 9409
585 496 67 4489
677 496 71 5041
725 496 73 5329
877 496 79 6241
985 496 83 6889
1157 496 89 7921
1405 496 97 9409
584 499 67 4489
676 499 71 5041
724 499 73 5329
876 499 79 6241
984 499 83 6889
1156 499 89 7921
1404 499 97 9409
583 502 67 4489
675 502 71 5041
723 502 73 5329
875 502 79 6241
983 502 83 6889
1155 502 89 7921
1403 502 97 9409
582 505 67 4489
674 505 71 5041
722 505 73 5329
874 505 79 6241
982 505 83 6889
1154 505 89 7921
1402 505 97 9409
581 508 67 4489
673 508 71 5041
721 508 73 5329
873 508 79 6241
981 508 83 6889
1153 508 89 7921
1401 508 97 9409
580 511 67 4489
672 511 71 5041
720 511 73 5329
872 511 79 6241
980 511 83 6889
1152 511 89 7921
1400 511 97 9409
579 514 67 4489
671 514 71 5041
719 514 73 5329
871 514 79 6241
979 514 83 6889
1151 514 89 7921
1399 514 97 9409
578 517 67 4489
670 517 71 5041
718 517 73 5329
870 517 79 6241
978 517 83 6889
1150 517 89 7921
1398 517 97 9409
577 520 67 4489
669 520 71 5041
717 520 73 5329
869 520 79 6241
977 520 83 6889
1149 520 89 7921
1397 520 97 9409
576 523 67 4489
668 523 71 5041
716 523 73 5329
868 523 79 6241
976 523 83 6889
1148 523 89 7921
1396 523 97 9409
575 526 67 4489
667 526 71 5041
715 526 73 5329
867 526 79 6241
975 526 83 6889
1147 526 89 7921
1395 526 97 9409
574 529 67 4489
666 529 71 5041
714 529 73 5329
866 529 79 6241
974 529 83 6889
1146 529 89 7921
1394 529 97 9409
573 532 67 4489
665 532 71 5041
713 532 73 5329
865 532 79 6241
973 532 83 6889
1145 532 89 7921
1393 532 97 9409
572 535 67 4489
664 535 71 5041
712 535 73 5329
864 535 79 6241
972 535 83 6889
1144 535 89 7921
1392 535 97 9409
571 538 67 4489
663 538 71 5041
711 538 73 5329
863 538 79 6241
971 538 83 6889
1143 538 89 7921
1391 538 97 9409
570 541 67 4489
662 541 71 5041
710 541 73 5329
862 541 79 6241
970 541 83 6889
1142 541 89 7921
1390 541 97 9409
569 544 67 4489
661 544 71 5041
709 544 73 5329
861 544 79 6241
969 544 83 6889
1141 544 89 7921
1389 544 97 9409
568 547 67 4489
660 547 71 5041
708 547 73 5329
860 547 79 6241
968 547 83 6889
1140 547 89 7921
1388 547 97 9409
567 550 67 4489
659 550 71 5041
707 550 73 5329
859 550 79 6241
967 550 83 6889
1139 550 89 7921
1387 550 97 9409
566 553 67 4489
658 553 71 5041
706 553 73 5329
858 553 79 6241
966 553 83 6889
1138 553 89 7921
1386 553 97 9409
565 556 67 4489
657 556 71 5041
705 556 73 5329
857 556 79 6241
965 556 83 6889
1137 556 89 7921
1385 556 97 9409
564 559 67 4489
656 559 71 5041
704 559 73 5329
856 559 79 6241
964 559 83 6889
1136 559 89 7921
1384 559 97 9409
655 562 71 5041
703 562 73 5329
855 562 79 6241
963 562 83 6889
1135 562 89 7921
1383 562 97 9409
654 565 71 5041
702 565 73 5329
854 565 79 6241
962 565 83 6889
1134 565 89 7921
1382 565 97 9409
653 568 71 5041
701 568 73 5329
853 568 79 6241
961 568 83 6889
1133 568 89 7921
1381 568 97 9409
652 571 71 5041
700 571 73 5329
852 571 79 6241
960 571 83 6889
1132 571 89 7921
1380 571 97 9409
651 574 71 5041
699 574 73 5329
851 574 79 6241
959 574 83 6889
1131 574 89 7921
1379 574 97 9409
650 577 71 5041
698 577 73 5329
850 577 79 6241
958 577 83 6889
1130 577 89 7921
1378 577 97 9409
649 580 71 5041
697 580 73 5329
849 580 79 6241
957 580 83 6889
1129 580 89 7921
1377 580 97 9409
648 583 71 5041
696 583 73 5329
848 583 79 6241
956 583 83 6889
1128 583 89 7921
1376 583 97 9409
647 586 71 5041
695 586 73 5329
847 586 79 6241
955 586 83 6889
1127 586 89 7921
1375 586 97 9409
646 589 71 5041
694 589 73 5329
846 589 79 6241
954 589 83 6889
1126 589 89 7921
1374 589 97 9409
645 592 71 5041
693 592 73 5329
845 592 79 6241
953 592 83 6889
1125 592 89 7921
1373 592 97 9409
644 595 71 5041
692 595 73 5329
844 595 79 6241
952 595 83 6889
1124 595 89 7921
1372 595 97 9409
643 598 71 5041
691 598 73 5329
843 598 79 6241
951 598 83 6889
1123 598 89 7921
1371 598 97 9409
642 601 71 5041
690 601 73 5329
842 601 79 6241
950 601 83 6889
1122 601 89 7921
1370 601 97 9409
641 604 71 5041
689 604 73 5329
841 604 79 6241
949 604 83 6889
1121 604 89 7921
1369 604 97 9409
640 607 71 5041
688 607 73 5329
840 607 79 6241
948 607 83 6889
1120 607 89 7921
1368 607 97 9409
639 610 71 5041
687 610 73 5329
839 610 79 6241
947 610 83 6889
1119 610 89 7921
1367 610 97 9409
638 613 71 5041
686 613 73 5329
838 613 79 6241
946 613 83 6889
1118 613 89 7921
1366 613 97 9409
637 616 71 5041
685 616 73 5329
837 616 79 6241
945 616 83 6889
1117 616 89 7921
1365 616 97 9409
636 619 71 5041
684 619 73 5329
836 619 79 6241
944 619 83 6889
1116 619 89 7921
1364 619 97 9409
635 622 71 5041
683 622 73 5329
835 622 79 6241
943 622 83 6889
1115 622 89 7921
1363 622 97 9409
634 625 71 5041
682 625 73 5329
834 625 79 6241
942 625 83 6889
1114 625 89 7921
1362 625 97 9409
633 628 71 5041
681 628 73 5329
833 628 79 6241
941 628 83 6889
1113 628 89 7921
1361 628 97 9409
680 631 73 5329
832 631 79 6241
940 631 83 6889
1112 631 89 7921
1360 631 97 9409
679 634 73 5329
831 634 79 6241
939 634 83 6889
1111 634 89 7921
1359 634 97 9409
678 637 73 5329
830 637 79 6241
938 637 83 6889
1110 637 89 7921
1358 637 97 9409
677 640 73 5329
829 640 79 6241
937 640 83 6889
1109 640 89 7921
1357 640 97 9409
676 643 73 5329
828 643 79 6241
936 643 83 6889
1108 643 89 7921
1356 643 97 9409
675 646 73 5329
827 646 79 6241
935 646 83 6889
1107 646 89 7921
1355 646 97 9409
674 649 73 5329
826 649 79 6241
934 649 83 6889
1106 649 89 7921
1354 649 97 9409
673 652 73 5329
825 652 79 6241
933 652 83 6889
1105 652 89 7921
1353 652 97 9409
672 655 73 5329
824 655 79 6241
932 655 83 6889
1104 655 89 7921
1352 655 97 9409
671 658 73 5329
823 658 79 6241
931 658 83 6889
1103 658 89 7921
1351 658 97 9409
670 661 73 5329
822 661 79 6241
930 661 83 6889
1102 661 89 7921
1350 661 97 9409
669 664 73 5329
821 664 79 6241
929 664 83 6889
1101 664 89 7921
1349 664 97 9409
820 667 79 6241
928 667 83 6889
1100 667 89 7921
1348 667 97 9409
819 670 79 6241
927 670 83 6889
1099 670 89 7921
1347 670 97 9409
818 673 79 6241
926 673 83 6889
1098 673 89 7921
1346 673 97 9409
817 676 79 6241
925 676 83 6889
1097 676 89 7921
1345 676 97 9409
816 679 79 6241
924 679 83 6889
1096 679 89 7921
1344 679 97 9409
815 682 79 6241
923 682 83 6889
1095 682 89 7921
1343 682 97 9409
814 685 79 6241
922 685 83 6889
1094 685 89 7921
1342 685 97 9409
813 688 79 6241
921 688 83 6889
1093 688 89 7921
1341 688 97 9409
812 691 79 6241
920 691 83 6889
1092 691 89 7921
1340 691 97 9409
811 694 79 6241
919 694 83 6889
1091 694 89 7921
1339 694 97 9409
810 697 79 6241
918 697 83 6889
1090 697 89 7921
1338 697 97 9409
809 700 79 6241
917 700 83 6889
1089 700 89 7921
1337 700 97 9409
808 703 79 6241
916 703 83 6889
1088 703 89 7921
1336 703 97 9409
807 706 79 6241
915 706 83 6889
1087 706 89 7921
1335 706 97 9409
806 709 79 6241
914 709 83 6889
1086 709 89 7921
1334 709 97 9409
805 712 79 6241
913 712 83 6889
1085 712 89 7921
1333 712 97 9409
804 715 79 6241
912 715 83 6889
1084 715 89 7921
1332 715 97 9409
803 718 79 6241
911 718 83 6889
1083 718 89 7921
1331 718 97 9409
802 721 79 6241
910 721 83 6889
1082 721 89 7921
1330 721 97 9409
801 724 79 6241
909 724 83 6889
1081 724 89 7921
1329 724 97 9409
800 727 79 6241
908 727 83 6889
1080 727 89 7921
1328 727 97 9409
799 730 79 6241
907 730 83 6889
1079 730 89 7921
1327 730 97 9409
798 733 79 6241
906 733 83 6889
1078 733 89 7921
1326 733 97 9409
797 736 79 6241
905 736 83 6889
1077 736 89 7921
1325 736 97 9409
796 739 79 6241
904 739 83 6889
1076 739 89 7921
1324 739 97 9409
795 742 79 6241
903 742 83 6889
1075 742 89 7921
1323 742 97 9409
794 745 79 6241
902 745 83 6889
1074 745 89 7921
1322 745 97 9409
793 748 79 6241
901 748 83 6889
1073 748 89 7921
1321 748 97 9409
792 751 79 6241
900 751 83 6889
1072 751 89 7921
1320 751 97 9409
791 754 79 6241
899 754 83 6889
1071 754 89 7921
1319 754 97 9409
790 757 79 6241
898 757 83 6889
1070 757 89 7921
1318 757 97 9409
789 760 79 6241
897 760 83 6889
1069 760 89 7921
1317 760 97 9409
788 763 79 6241
896 763 83 6889
1068 763 89 7921
1316 763 97 9409
787 766 79 6241
895 766 83 6889
1067 766 89 7921
1315 766 97 9409
786 769 79 6241
894 769 83 6889
1066 769 89 7921
1314 769 97 9409
785 772 79 6241
893 772 83 6889
1065 772 89 7921
1313 772 97 9409
784 775 79 6241
892 775 83 6889
1064 775 89 7921
1312 775 97 9409
783 778 79 6241
891 778 83 6889
1063 778 89 7921
1311 778 97 9409
890 781 83 6889
1062 781 89 7921
1310 781 97 9409
889 784 83 6889
1061 784 89 7921
1309 784 97 9409
888 787 83 6889
1060 787 89 7921
1308 787 97 9409
887 790 83 6889
1059 790 89 7921
1307 790 97 9409
886 793 83 6889
1058 793 89 7921
1306 793 97 9409
885 796 83 6889
1057 796 89 7921
1305 796 97 9409
884 799 83 6889
1056 799 89 7921
1304 799 97 9409
883 802 83 6889
1055 802 89 7921
1303 802 97 9409
882 805 83 6889
1054 805 89 7921
1302 805 97 9409
881 808 83 6889
1053 808 89 7921
1301 808 97 9409
880 811 83 6889
1052 811 89 7921
1300 811 97 9409
879 814 83 6889
1051 814 89 7921
1299 814 97 9409
878 817 83 6889
1050 817 89 7921
1298 817 97 9409
877 820 83 6889
1049 820 89 7921
1297 820 97 9409
876 823 83 6889
1048 823 89 7921
1296 823 97 9409
875 826 83 6889
1047 826 89 7921
1295 826 97 9409
874 829 83 6889
1046 829 89 7921
1294 829 97 9409
873 832 83 6889
1045 832 89 7921
1293 832 97 9409
872 835 83 6889
1044 835 89 7921
1292 835 97 9409
871 838 83 6889
1043 838 89 7921
1291 838 97 9409
870 841 83 6889
1042 841 89 7921
1290 841 97 9409
869 844 83 6889
1041 844 89 7921
1289 844 97 9409
868 847 83 6889
1040 847 89 7921
1288 847 97 9409
867 850 83 6889
1039 850 89 7921
1287 850 97 9409
866 853 83 6889
1038 853 89 7921
1286 853 97 9409
865 856 83 6889
1037 856 89 7921
1285 856 97 9409
864 859 83 6889
1036 859 89 7921
1284 859 97 9409
1035 862 89 7921
1283 862 97 9409
1034 865 89 7921
1282 865 97 9409
1033 868 89 7921
1281 868 97 9409
1032 871 89 7921
1280 871 97 9409
1031 874 89 7921
1279 874 97 9409
1030 877 89 7921
1278 877 97 9409
1029 880 89 7921
1277 880 97 9409
1028 883 89 7921
1276 883 97 9409
1027 886 89 7921
1275 886 97 9409
1026 889 89 7921
1274 889 97 9409
1025 892 89 7921
1273 892 97 9409
1024 895 89 7921
1272 895 97 9409
1023 898 89 7921
1271 898 97 9409
1022 901 89 7921
1270 901 97 9409
1021 904 89 7921
1269 904 97 9409
1020 907 89 7921
1268 907 97 9409
1019 910 89 7921
1267 910 97 9409
1018 913 89 7921
1266 913 97 9409
1017 916 89 7921
1265 916 97 9409
1016 919 89 7921
1264 919 97 9409
1015 922 89 7921
1263 922 97 9409
1014 925 89 7921
1262 925 97 9409
1013 928 89 7921
1261 928 97 9409
1012 931 89 7921
1260 931 97 9409
1011 934 89 7921
1259 934 97 9409
1010 937 89 7921
1258 937 97 9409
1009 940 89 7921
1257 940 97 9409
1008 943 89 7921
1256 943 97 9409
1007 946 89 7921
1255 946 97 9409
1006 949 89 7921
1254 949 97 9409
1005 952 89 7921
1253 952 97 9409
1004 955 89 7921
1252 955 97 9409
1003 958 89 7921
1251 958 97 9409
1002 961 89 7921
1250 961 97 9409
1001 964 89 7921
1249 964 97 9409
1000 967 89 7921
1248 967 97 9409
999 970 89 7921
1247 970 97 9409
998 973 89 7921
1246 973 97 9409
997 976 89 7921
1245 976 97 9409
996 979 89 7921
1244 979 97 9409
995 982 89 7921
1243 982 97 9409
994 985 89 7921
1242 985 97 9409
993 988 89 7921
1241 988 97 9409
1240 991 97 9409
1239 994 97 9409
1238 997 97 9409
1237 1000 97 9409
1236 1003 97 9409
1235 1006 97 9409
1234 1009 97 9409
1233 1012 97 9409
1232 1015 97 9409
1231 1018 97 9409
1230 1021 97 9409
1229 1024 97 9409
1228 1027 97 9409
1227 1030 97 9409
1226 1033 97 9409
1225 1036 97 9409
1224 1039 97 9409
1223 1042 97 9409
1222 1045 97 9409
1221 1048 97 9409
1220 1051 97 9409
1219 1054 97 9409
1218 1057 97 9409
1217 1060 97 9409
1216 1063 97 9409
1215 1066 97 9409
1214 1069 97 9409
1213 1072 97 9409
1212 1075 97 9409
1211 1078 97 9409
1210 1081 97 9409
1209 1084 97 9409
1208 1087 97 9409
1207 1090 97 9409
1206 1093 97 9409
1205 1096 97 9409
1204 1099 97 9409
1203 1102 97 9409
1202 1105 97 9409
1201 1108 97 9409
1200 1111 97 9409
1199 1114 97 9409
1198 1117 97 9409
1197 1120 97 9409
1196 1123 97 9409
1195 1126 97 9409
1194 1129 97 9409
1193 1132 97 9409
1192 1135 97 9409
1191 1138 97 9409
1190 1141 97 9409
1189 1144 97 9409
1188 1147 97 9409
1187 1150 97 9409
1186 1153 97 9409
1185 1156 97 9409
1184 1159 97 9409
1183 1162 97 9409
1182 1165 97 9409
1181 1168 97 9409
1180 1171 97 9409
1179 1174 97 9409
 5482
5 1
7 2
11 5
13 7
17 12
19 15
23 22
29 35
31 40
37 57
41 70
43 77
47 92
53 117
59 145
61 155
67 187
71 210
73 222
79 260
83 287
89 330
97 392
